"Country";"1990";"1991";"1992";"1993";"1994";"1995";"1996";"1997";"1998";"1999";"2000";"2001";"2002";"2003";"2004";"2005";"2006";"2007";"2008";"2009";"2010";"2011";"2012";"2013";"2014";"2015";"2016";"2017";"2018";"2019"
"1";"Afghanistan";NA;NA;NA;NA;NA;NA;NA;NA;NA;NA;NA;NA;NA;NA;NA;NA;NA;NA;NA;NA;NA;NA;NA;NA;NA;NA;NA;NA;NA;NA
"2";"Albania";NA;NA;NA;NA;NA;NA;NA;NA;NA;NA;NA;NA;NA;1.29740100873507;NA;-4.01580376810975;-3.79976669418435;-14.3650913260536;-13.6811076031162;-17.2980443230579;-26.6886640008986;NA;-38.8992267437205;NA;-23.511495121613;-15.2107459028622;-10.7010011792002;-8.70458311962006;-14.6592556145949;-1.43496768079928
"3";"Algeria";NA;NA;NA;NA;NA;-13.4057987095487;NA;NA;NA;NA;NA;NA;NA;-34.8345136838679;NA;NA;NA;NA;-36.9658758816507;NA;NA;NA;NA;NA;76.162609936813;47.6443523008393;38.6742476181046;50.3976999124903;NA;NA
"4";"American Samoa";NA;NA;NA;NA;NA;NA;NA;NA;NA;NA;NA;NA;NA;NA;NA;NA;NA;NA;NA;NA;NA;NA;NA;NA;NA;NA;NA;NA;NA;NA
"5";"Andorra";NA;NA;NA;NA;NA;NA;NA;NA;8.99760015807823;6.76883482540824;NA;19.9744960935102;-2.63384677440051;0.348279829465666;4.90854592528736;4.85933570196346;3.36969500430155;11.4672135872774;4.9772635473553;3.34313561884727;NA;5.68058243206255;11.5439731573694;15.7207355596023;16.1506766914988;16.3884088324752;13.7982032890488;16.2365163590866;11.1588979944803;19.6506955662331
"6";"Angola";NA;NA;NA;NA;NA;NA;NA;NA;NA;NA;NA;NA;NA;NA;NA;NA;58.0872594238594;NA;NA;NA;NA;NA;NA;NA;NA;NA;NA;NA;NA;NA
"7";"Antigua and Barbuda";NA;NA;NA;NA;NA;NA;NA;NA;NA;NA;NA;NA;NA;NA;NA;11.0014535239147;16.6680099648847;-2.83438194324063;-9.55252443585604;-18.037130187856;-15.5077470031082;-13.0210115211213;-3.21436750693219;-9.58840052656801;-12.1633823008152;24.0268955134648;21.8561927964304;-23.8544380978228;-21.2516959746867;-9.55579114316276
"8";"Argentina";NA;NA;NA;NA;NA;NA;NA;NA;NA;NA;NA;NA;NA;NA;NA;NA;NA;NA;NA;NA;NA;NA;NA;NA;NA;NA;NA;NA;NA;NA
"9";"Armenia";77.0995466496371;NA;NA;NA;NA;9.19078675574109;13.7608308095383;16.0506356522609;10.9232769142651;33.788704449296;21.7487375040818;86.6375230748331;8.78320972285824;-10.1017077158931;6.70349097146305;32.4165197883244;12.4691099511513;22.7114992295433;36.4269006410327;11.9528902519856;36.2885085908324;31.5351335722361;39.0142307854422;9.54404668238962;16.5190250530519;42.2851467963027;12.2981706932133;9.04453808818965;35.5127782634027;28.996807888568
"10";"Aruba";NA;NA;NA;NA;NA;NA;NA;NA;NA;NA;NA;NA;NA;NA;NA;NA;NA;NA;NA;NA;NA;NA;NA;NA;NA;NA;NA;NA;NA;NA
"11";"Australia";-18.9288783298083;NA;-15.3416595350893;NA;NA;NA;NA;NA;NA;NA;-27.3838908674152;NA;NA;NA;NA;NA;NA;-14.9316409897226;-14.3688547308258;-12.0181899139543;-13.1505751769662;-10.1583946114815;-8.84640076227851;-16.320302883122;-7.76544809874112;-7.51994208351858;-3.58449279722613;-2.67515793173467;NA;NA
"12";"Austria";NA;NA;NA;NA;NA;NA;0.397656877416577;-2.30064350950025;-0.418978453499155;-5.12086653337279;-4.75884290892708;-6.8762514662608;-8.36956172779274;-15.3848537386383;-10.0563312223975;-11.0145854662924;-14.1657513448646;-12.2864046951546;-13.4212065243001;-5.11459600990895;-6.31751362485029;-6.56685501011943;-6.89122303891224;-8.45503955710352;-0.325976716562945;0.973704910476497;-6.17969733060163;-7.29999068948797;-10.0946739755944;-11.1554765591881
"13";"Azerbaijan";NA;NA;NA;NA;NA;NA;NA;NA;NA;NA;55.7999318711547;31.5838147237197;18.1418589068916;-5.41960915156128;6.7646590721509;5.77597241823624;15.4764334716037;7.87419125704539;17.6365636807582;16.3198306114425;20.4442318632335;6.78920945821727;11.7071320952379;10.0519392257171;35.4472328879656;19.9078393148204;16.2485456340152;19.6210897061055;8.67065877288638;-4.25883069999122
"14";"Bahamas, The";NA;NA;NA;NA;NA;NA;NA;NA;NA;NA;NA;NA;NA;NA;-1.17822554187075;-25.0630885681463;-19.9528970999183;NA;NA;NA;NA;NA;NA;NA;NA;NA;NA;NA;NA;NA
"15";"Bahrain";NA;NA;NA;NA;NA;NA;76.144189869175;14.1648533606328;16.2472357635807;17.4994146035497;15.7396090578477;1.62207175668731;6.71454842062635;-4.77921486797711;-7.73276427515507;-23.4391810110874;-20.6574678345273;-4.28786774090965;-21.0215016481976;-17.9263012485586;-14.5484695279142;-7.20096821235395;-7.85547794726149;-23.9025770538256;-7.62342070354113;-0.446748155397614;-7.27424859867493;-18.0779926529186;-27.7772351181422;-1.08730080643241
"16";"Bangladesh";NA;NA;NA;NA;NA;NA;NA;NA;NA;NA;NA;NA;NA;NA;NA;58.8056908510812;NA;NA;NA;64.5285693984127;NA;NA;NA;NA;53.0913080894426;NA;NA;NA;NA;NA
"17";"Barbados";NA;NA;NA;NA;NA;NA;NA;NA;NA;NA;NA;NA;NA;NA;NA;NA;NA;NA;NA;NA;NA;NA;NA;NA;NA;NA;NA;NA;NA;NA
"18";"Belarus";24.7702570624467;NA;NA;NA;NA;47.8257105461048;NA;NA;NA;NA;51.4770825859382;82.9556883004326;74.1977751331586;57.9564436155228;54.0015848853328;43.3330586248273;29.8290300146068;33.6142901424545;23.2582528508322;11.8022399366454;0.232136128063117;-4.20606263734094;-1.82157593893339;0.47841291097534;-0.525704121598733;-0.329203319855385;-7.26845365971369;-7.97694423756087;-6.96509347825161;-10.0841591336116
"19";"Belgium";37.4245105456726;NA;NA;NA;NA;3.83696151932038;5.17935410173224;2.60675427924145;3.57019856184494;2.03271719735545;-1.90264392655961;0.235045799224276;-2.5988602745478;2.57003538832664;-2.38098944734415;-2.57836669557069;-2.62032768016152;-7.12445996096553;-5.39941503991499;-2.43865925023672;-0.333754252021951;-0.313242049389005;2.52353667441814;3.64136494932685;6.53705426379919;11.7857056378457;8.09846677999509;9.97403348947353;10.7492672059477;12.3348196383466
"20";"Belize";NA;NA;NA;NA;NA;NA;NA;-12.3796166193516;NA;NA;-36.0358141657486;NA;NA;NA;NA;NA;NA;NA;NA;NA;NA;NA;NA;NA;NA;NA;NA;NA;NA;NA
"21";"Benin";NA;NA;NA;NA;NA;NA;NA;NA;NA;NA;NA;NA;NA;NA;NA;NA;NA;NA;NA;NA;NA;NA;NA;NA;NA;NA;NA;NA;NA;NA
"22";"Bermuda";NA;NA;NA;NA;NA;NA;NA;NA;NA;NA;NA;-18.3205305138936;-19.4658126866693;-20.599107835068;-18.0413194807387;-14.2823427268301;-14.5369653408958;-13.6061937950028;-17.8026614642578;-15.5971505960032;-14.0679642635625;-1.75250115436162;-4.39291020846232;-8.44657643459733;-10.8385385568941;-7.49175704545312;-6.22102482107661;-12.3522446948633;-10.4383918219043;-3.14933252935055
"23";"Bhutan";NA;NA;NA;NA;NA;NA;NA;NA;NA;NA;NA;NA;NA;NA;NA;NA;NA;NA;NA;NA;NA;NA;-11.779066665613;NA;NA;NA;NA;28.3356006069303;NA;36.5898336293433
"24";"Bolivia";NA;NA;NA;NA;NA;NA;NA;NA;NA;NA;NA;NA;NA;NA;NA;NA;NA;NA;NA;NA;NA;NA;NA;NA;NA;NA;NA;NA;NA;NA
"25";"Bosnia and Herzegovina";NA;NA;NA;NA;NA;NA;NA;NA;NA;NA;NA;NA;NA;NA;NA;NA;NA;NA;7.62442133538427;7.23443659004329;12.1564123780334;0.490848003913923;5.20789626450108;4.11591981707339;-4.29313494534609;-2.61588859828729;-0.223746833272502;-1.21374236091096;-4.08476124614243;-4.37196321942529
"26";"Botswana";NA;NA;NA;NA;NA;NA;NA;NA;NA;NA;NA;NA;NA;NA;NA;NA;NA;NA;NA;NA;NA;NA;NA;94.2786109044113;NA;213.857103971578;NA;69.8577676068815;NA;NA
"27";"Brazil";NA;NA;NA;NA;NA;NA;NA;NA;NA;NA;-13.6433044707105;NA;NA;NA;NA;-21.3902846314591;NA;NA;NA;NA;NA;NA;NA;-20.376325790932;NA;NA;NA;NA;NA;NA
"28";"British Virgin Islands";NA;NA;NA;NA;NA;NA;NA;NA;NA;-14.5634982704862;-16.5391261286501;-17.6605234142375;1.40250186338033;12.2485809796797;-15.6959310733843;-21.6620065628296;NA;NA;NA;NA;NA;NA;NA;NA;NA;NA;NA;NA;NA;NA
"29";"Brunei Darussalam";NA;NA;NA;NA;NA;NA;NA;1.12550644293986;-30.1810303851443;NA;-23.8408768855143;-24.5542015143239;-27.5808145360229;NA;NA;NA;NA;NA;NA;NA;NA;NA;NA;NA;NA;NA;NA;NA;NA;NA
"30";"Bulgaria";NA;NA;NA;NA;NA;-37.1250517334153;-23.7990727036559;-18.9120390356148;-24.1922973236396;-22.1190698983116;-23.7934638542892;-23.9007231204446;-23.7071800325895;-22.117765533149;-20.8226124738415;-14.4123041685661;-12.6871608845199;-11.7218251425061;-16.3557687632196;-25.2724599096532;-15.9405744651713;-3.3191611358073;3.60521953422136;-1.7878630587063;-0.477673220693158;5.72238551529491;9.06641111938871;1.41014147761928;6.81671963262265;NA
"31";"Burkina Faso";NA;NA;NA;NA;NA;NA;-3.10372184335585;1.08440348743982;1.15450944460271;-4.486551026668;0.238192929149852;-3.33693587611811;-5.0350230434843;20.3914244105148;1.05261900723029;-4.28489481180265;-7.74694751320352;-6.98688074724666;-6.18083397717531;-13.4098410529732;NA;NA;NA;NA;NA;NA;NA;NA;NA;NA
"32";"Burundi";NA;NA;NA;NA;NA;NA;NA;NA;NA;NA;NA;4.90445787704867;-24.4858535472173;-3.5113322906218;-4.47688599829581;13.3088161130941;-1.38111499787784;17.0339704905457;-14.7319582611252;-5.17967747353761;77.7989237100503;NA;-5.20530520932299;NA;8.64357053514291;-34.9183454556655;-14.8925681676437;-16.5302160184342;48.3347900375071;30.356243047951
"33";"Cabo Verde";NA;NA;NA;NA;NA;NA;NA;NA;NA;NA;NA;NA;NA;19.1335500434853;13.4279658683389;7.85579540704244;5.65039375634922;1.29486659578174;0.232587867032328;-4.58940385473044;-12.4515662442125;NA;-30.4893710259789;-30.1736775519282;NA;-32.535440729037;NA;NA;NA;NA
"34";"Cambodia";NA;NA;NA;NA;NA;NA;NA;NA;NA;NA;NA;NA;NA;NA;NA;NA;NA;NA;NA;4.33616295824929;-0.183200696852791;3.81356810731597;-5.89512246234627;NA;NA;NA;NA;NA;NA;NA
"35";"Cameroon";NA;NA;NA;NA;NA;NA;NA;NA;NA;NA;NA;NA;NA;NA;NA;NA;-18.7091926467497;-11.8978794430759;-44.9380585536784;-48.9408336096169;NA;NA;NA;NA;NA;NA;NA;NA;NA;NA
"36";"Canada";63.4519681132168;NA;NA;NA;NA;113.374230627603;NA;NA;NA;NA;46.7834101872729;NA;NA;NA;NA;NA;NA;33.3570845155409;NA;NA;NA;NA;NA;NA;NA;NA;NA;NA;NA;NA
"37";"Cayman Islands";NA;NA;NA;NA;NA;NA;NA;NA;NA;NA;NA;NA;NA;NA;NA;NA;NA;NA;NA;NA;NA;NA;NA;NA;NA;NA;NA;NA;NA;NA
"38";"Central African Republic";NA;NA;NA;NA;NA;NA;NA;NA;NA;NA;NA;NA;NA;NA;NA;NA;NA;NA;NA;NA;NA;NA;NA;NA;NA;NA;NA;NA;NA;NA
"39";"Chad";NA;NA;NA;NA;NA;NA;NA;NA;NA;NA;NA;NA;NA;NA;NA;NA;NA;NA;NA;NA;NA;NA;NA;NA;NA;NA;NA;NA;NA;NA
"40";"Channel Islands";NA;NA;NA;NA;NA;NA;NA;NA;NA;NA;NA;NA;NA;NA;NA;NA;NA;NA;NA;NA;NA;NA;NA;NA;NA;NA;NA;NA;NA;NA
"41";"Chile";8.67209203505965;NA;NA;NA;NA;-0.272806640578099;NA;NA;NA;NA;0.350883397673558;7.22484025415056;5.92968956809554;6.91503141522754;5.9241880235203;-4.01662126175632;7.80902017838376;7.77337878245956;1.95134308053186;8.57443055905029;7.49096863891301;16.8383487288307;NA;13.4257794103702;29.2129021817822;14.8680581226811;24.8850028591307;4.1654213352018;15.2791186107735;NA
"42";"China";NA;NA;NA;NA;NA;52.1625267131482;NA;NA;NA;NA;43.3531486720585;20.8114774839086;16.3966210525008;8.66347525048327;8.89928275352432;16.4459903520434;14.4774562783633;9.28512131886132;9.99049506755015;13.0200513383082;18.4770125293596;13.441599469804;16.2941821758355;9.03886800743139;2.08921170392257;-1.47850486538235;-1.99535224839637;-4.26559611696865;NA;NA
"43";"Colombia";NA;NA;NA;NA;NA;NA;NA;NA;NA;NA;NA;NA;NA;NA;24.7632148994386;4.76433530738172;20.6386385356107;5.16109141444533;5.23381201489673;-6.75313199856084;12.5530208885916;4.00038302592892;7.047794837184;15.3901619712559;17.4059413072913;-2.49393984701297;-9.41862911969358;-5.99537610292062;-14.5561694518284;NA
"44";"Comoros";NA;NA;NA;NA;NA;NA;NA;NA;NA;NA;NA;NA;NA;NA;NA;NA;NA;NA;NA;NA;NA;NA;NA;NA;NA;NA;NA;NA;NA;NA
"45";"Congo, Dem. Rep.";NA;NA;NA;NA;NA;NA;NA;NA;NA;NA;NA;NA;NA;NA;NA;NA;NA;NA;NA;NA;NA;NA;NA;NA;NA;NA;NA;NA;NA;NA
"46";"Congo, Rep.";NA;NA;NA;NA;NA;NA;NA;NA;NA;NA;NA;NA;NA;NA;NA;NA;NA;NA;NA;NA;NA;NA;NA;NA;NA;NA;NA;NA;NA;NA
"47";"Costa Rica";NA;NA;NA;NA;NA;NA;NA;NA;NA;NA;NA;NA;-28.1563693655709;NA;NA;NA;NA;NA;NA;NA;-1.39559206020203;-9.6687614319794;-5.92767179758803;-7.62303592095292;-10.8857357698806;-12.1425706422945;25.6127955756638;20.3937848315367;2.81998846845554;12.4637070479706
"48";"Cote d'Ivoire";NA;NA;NA;NA;NA;NA;NA;NA;NA;NA;NA;NA;NA;NA;NA;NA;NA;NA;NA;NA;NA;NA;NA;NA;NA;NA;NA;NA;NA;NA
"49";"Croatia";NA;NA;NA;NA;NA;NA;NA;NA;NA;NA;NA;NA;NA;NA;16.953945562816;6.87876791971549;-6.14453357209503;-10.3871806782628;-14.6628708256359;-11.7366603045261;-5.47279493550402;-6.68757316502433;-6.9257989205472;-9.98020145785447;-6.7810191925635;-7.0324332281955;-8.76458545254749;-7.12409912265677;-0.429443504470115;-2.54991264023048
"50";"Cuba";NA;NA;NA;NA;NA;NA;NA;NA;NA;7.87748900251771;5.60339052623238;-2.54874833506719;-5.90700512215408;-9.3012940730547;-7.97222704498989;-12.0600081567325;-4.91006769912314;-5.37804014945928;-8.08793319570041;2.53735634867255;1.17122117402826;10.9160579702125;-10.4913125759451;-5.41457037376264;-0.464127819821157;-2.25484844417599;-8.38365975024323;-13.9319190481457;-13.8225241698514;-10.7182667862393
"51";"Curacao";NA;NA;NA;NA;NA;NA;NA;NA;NA;NA;NA;NA;NA;NA;NA;NA;NA;NA;NA;NA;-15.3682493625789;-10.3908201386124;-15.7827637997262;14.4919373914695;-17.9281957883707;-30.5751795935453;-0.338768527611738;1.59586262815827;NA;NA
"52";"Cyprus";NA;NA;NA;NA;NA;-10.0478204638143;-9.93034698908644;-11.1789385370447;-9.65682202390973;-9.88262511537207;-9.67022103151536;-5.35849670217916;-6.42507793201851;-10.6541661157098;-12.2197094809018;-11.5745861270204;-14.8759533391013;-16.1376619513957;-20.3842230371862;-19.6514638400069;-16.4220370739217;-15.5702996945069;-14.390888740562;-21.8884942463308;-17.0227432865235;-3.367075993154;-5.00952181880752;-3.81898241157664;-7.44059473834932;-8.23820343351228
"53";"Czechia";NA;NA;NA;NA;NA;33.7450874238172;28.1378219456559;24.3005310435054;32.9646311237486;34.8866096138907;17.6008440140242;40.7778740299452;38.2369762115924;35.9867547060919;41.2758157845244;37.043060738122;33.6070576106167;33.2893583375659;32.0387459338179;20.0626101461564;17.9468537415748;23.1973919970435;24.236805295616;26.6259780273528;29.861451996578;32.8197017776384;21.4662220097853;NA;NA;NA
"54";"Denmark";NA;NA;NA;NA;5.90774253317524;10.9132543494408;-14.6125111240616;-4.03253453093654;-0.538591100596573;-2.76992383907407;0.400252044066807;-7.1840600838426;-7.38338283667697;-9.78458973977958;-10.3729592320539;-4.66284299702547;-14.9989353627802;-17.5589544052501;-20.7307926057605;-14.3441279776552;-3.41585520020232;-23.487494297953;-17.8274219962842;-12.3605414950329;-20.7930931442854;-22.2035123878736;-20.5165331617522;-19.7980492423465;-19.7951558772768;-23.496028044157
"55";"Djibouti";NA;NA;NA;NA;NA;NA;NA;NA;NA;NA;NA;NA;NA;NA;NA;NA;NA;NA;NA;NA;NA;NA;NA;NA;NA;NA;NA;NA;NA;NA
"56";"Dominica";NA;NA;NA;NA;NA;NA;NA;NA;NA;NA;NA;-25.0733750147952;-6.53490953369159;-16.2465299779182;-13.481433571427;-2.04087507199241;NA;NA;NA;NA;NA;NA;NA;NA;NA;NA;NA;NA;NA;NA
"57";"Dominican Republic";NA;NA;NA;NA;NA;NA;NA;NA;NA;NA;NA;NA;NA;NA;NA;NA;NA;NA;NA;NA;NA;NA;NA;NA;NA;NA;NA;NA;NA;NA
"58";"Ecuador";NA;NA;NA;NA;NA;NA;NA;NA;NA;NA;NA;NA;NA;NA;NA;NA;NA;NA;NA;NA;NA;-11.7262660117083;18.6930165313332;14.5397437269583;-8.64114656737141;-24.9097830350122;-22.2457446826069;-15.9804531921582;-20.8610851082457;NA
"59";"Egypt, Arab Rep.";NA;NA;NA;NA;NA;NA;NA;NA;NA;NA;NA;NA;NA;NA;NA;NA;NA;NA;-19.5335664181755;-25.4498040228408;-2.50181276956782;NA;-64.5157504545325;NA;NA;NA;NA;NA;NA;NA
"60";"El Salvador";NA;NA;NA;NA;NA;NA;NA;NA;NA;NA;NA;NA;NA;NA;NA;NA;NA;NA;NA;NA;NA;NA;NA;NA;NA;NA;NA;NA;NA;NA
"61";"Equatorial Guinea";NA;NA;NA;NA;NA;NA;NA;NA;NA;NA;NA;NA;NA;NA;NA;NA;NA;NA;NA;NA;NA;NA;NA;NA;NA;NA;NA;NA;NA;NA
"62";"Eritrea";NA;NA;NA;NA;NA;NA;NA;NA;NA;NA;NA;NA;NA;NA;NA;NA;NA;NA;NA;NA;NA;NA;NA;NA;NA;NA;NA;NA;NA;NA
"63";"Estonia";NA;NA;NA;NA;NA;24.0273115564148;5.45886031844073;-1.83163883853283;9.72005040838032;8.9260634075028;-2.48702722967781;21.5229347722939;9.17594618520154;4.72374756265222;-8.9377017329211;-5.24066799046043;7.93560214776204;-10.6596128567917;2.60730097744534;27.5838158358886;28.0649333292553;30.0601001811805;NA;33.327405455911;10.0079790574177;10.7814929128163;8.53964501756185;4.48978723507291;1.15021738628903;9.93721250993133
"64";"Eswatini";NA;NA;NA;NA;NA;NA;NA;NA;NA;NA;NA;NA;NA;NA;NA;NA;NA;NA;NA;NA;NA;NA;NA;NA;NA;NA;NA;NA;NA;NA
"65";"Ethiopia";NA;NA;NA;NA;NA;NA;NA;NA;NA;NA;NA;NA;NA;NA;NA;NA;NA;NA;NA;NA;NA;NA;NA;NA;NA;NA;NA;NA;NA;NA
"66";"Faroe Islands";NA;NA;NA;NA;NA;NA;NA;NA;NA;NA;NA;NA;NA;NA;NA;NA;NA;NA;NA;NA;NA;NA;NA;NA;NA;NA;NA;NA;NA;NA
"67";"Fiji";NA;NA;NA;NA;NA;NA;NA;NA;NA;NA;NA;NA;NA;NA;NA;NA;NA;NA;NA;NA;NA;NA;NA;NA;NA;NA;NA;NA;NA;NA
"68";"Finland";NA;NA;NA;NA;13.6122305887397;12.8526385553849;14.4039761875969;5.8954474021333;4.02973518917111;-1.25011067027527;-5.11208686769793;7.72659181488478;9.2439475874924;8.42630280913092;8.97865732185754;4.99304039189993;3.86953554057575;2.206996498481;-1.56729549539237;-0.0588050262128217;8.52262182566331;3.49732013169915;1.86213811526451;8.05762449513861;11.8098601763535;5.95127934288887;12.1414535708222;12.4417912301926;4.59841343842152;NA
"69";"France";NA;NA;NA;7.94904548308545;NA;10.1702091701701;5.33632384117231;2.41921661698309;0.55705955605874;0.474215048727384;0.975972614654677;-3.13459154398934;-3.61882419010454;2.19879398893922;-0.380815096471814;0.253008737716286;-4.98656924117607;-7.99285249166248;-7.70752307333373;-5.76645460762793;-6.86879524350521;-4.23638572639112;-0.98785153861447;1.12846485912156;0.726976561914353;0.678307958296646;-6.5299910778889;-7.52063091521254;-7.49873302778428;-11.1532151058158
"70";"French Polynesia";NA;NA;NA;NA;NA;NA;NA;NA;NA;NA;NA;NA;NA;NA;NA;NA;NA;NA;NA;NA;NA;4.23814495078694;-4.16812619704325;-10.9857870523218;5.42781892934552;NA;NA;NA;NA;NA
"71";"Gabon";NA;NA;NA;NA;NA;NA;NA;NA;NA;NA;NA;NA;NA;NA;NA;NA;NA;NA;NA;NA;NA;NA;NA;NA;NA;NA;NA;NA;NA;NA
"72";"Gambia, The";NA;NA;NA;NA;NA;NA;NA;NA;NA;NA;NA;NA;NA;NA;NA;NA;NA;NA;NA;NA;NA;NA;NA;NA;NA;NA;NA;NA;NA;NA
"73";"Georgia";NA;NA;NA;NA;NA;NA;NA;NA;NA;NA;NA;NA;NA;NA;NA;NA;NA;19.8615380267589;31.2575135786755;30.9701620184183;NA;NA;NA;NA;NA;NA;21.0616885259876;NA;NA;NA
"74";"Germany";-21.9875522981771;NA;NA;NA;NA;-10.9628920054685;-14.3413174307092;-16.1070689056628;-14.4820379622462;-13.2165694047419;-12.9646633069222;-12.8983895746743;-13.8584566028314;-7.40821924107176;-5.30143699116953;-0.746299192500467;-1.80015577668213;-3.69632672107697;-5.44109430183088;-2.0826071984831;-7.62309009590506;-10.333748848642;-10.2643766090439;-11.0814028106881;-11.305548319273;-11.3681499501763;-10.476564233348;-8.94647635395099;-7.56617396436733;-9.68456004266878
"75";"Ghana";10.043877295797;NA;NA;NA;NA;7.57411238423388;10.8662589377258;8.7709446911885;26.2435372282402;33.1286842643035;17.5514888153996;13.5269446498173;12.4632583774393;15.1691859034802;16.1790437204974;-2.54157886356172;3.94498829653697;5.23889717636719;7.55705024082653;8.0298512832783;0.538592366521856;1.71354501184082;0.337302685098855;3.16067646726321;1.71947175421239;-3.06534975967643;-2.0192645505076;-0.623952625297503;NA;NA
"76";"Gibraltar";NA;NA;NA;NA;NA;NA;NA;NA;NA;NA;NA;NA;NA;NA;NA;NA;NA;NA;NA;NA;NA;NA;NA;NA;NA;NA;NA;NA;NA;NA
"77";"Greece";27.9207095865172;NA;25.5283062641356;NA;NA;26.5415748373083;15.212169691103;5.66389584824645;1.05449264030216;-2.68299499444634;-6.05395934131988;-5.93502797737284;-7.66800543565039;1.02694406269472;8.68667008404716;8.1626473353964;11.4702033771414;12.158676169449;12.9402519565031;1.87024473788361;-12.4691807288221;-7.94914004358541;-7.97297679563207;-11.3023611337617;-4.96172586060674;-5.92568735953678;NA;NA;NA;NA
"78";"Greenland";NA;NA;NA;NA;NA;NA;NA;NA;NA;NA;NA;NA;NA;NA;NA;NA;NA;NA;NA;NA;NA;NA;NA;NA;NA;NA;NA;NA;NA;NA
"79";"Grenada";NA;NA;NA;NA;NA;NA;NA;NA;NA;NA;NA;NA;NA;NA;NA;NA;NA;NA;NA;NA;NA;NA;NA;NA;NA;NA;NA;NA;NA;NA
"80";"Guam";NA;NA;NA;NA;NA;NA;NA;NA;NA;NA;NA;NA;NA;NA;NA;NA;NA;NA;NA;NA;NA;NA;NA;NA;NA;NA;NA;NA;NA;NA
"81";"Guatemala";NA;NA;NA;NA;NA;NA;NA;NA;NA;NA;NA;NA;NA;NA;NA;NA;NA;NA;NA;NA;NA;NA;NA;NA;NA;NA;NA;NA;NA;NA
"82";"Guinea";NA;NA;NA;NA;NA;NA;NA;NA;NA;NA;NA;NA;NA;NA;NA;NA;NA;NA;NA;NA;NA;NA;NA;NA;NA;NA;NA;NA;NA;NA
"83";"Guinea-Bissau";NA;NA;NA;NA;NA;NA;NA;NA;NA;NA;NA;NA;NA;NA;NA;NA;NA;NA;NA;NA;NA;NA;NA;NA;NA;NA;NA;NA;NA;NA
"84";"Guyana";NA;NA;NA;NA;NA;NA;NA;NA;NA;NA;NA;NA;NA;NA;NA;NA;NA;NA;NA;NA;NA;NA;NA;NA;NA;NA;NA;NA;NA;NA
"85";"Haiti";NA;NA;NA;NA;NA;NA;NA;NA;NA;NA;NA;NA;NA;NA;NA;NA;NA;NA;NA;NA;NA;NA;NA;NA;NA;NA;NA;NA;NA;NA
"86";"Honduras";12.0075930380685;NA;NA;NA;NA;NA;NA;NA;NA;NA;NA;NA;NA;NA;NA;NA;NA;NA;NA;NA;21.4421183841324;NA;NA;78.6745674265459;NA;NA;NA;NA;NA;NA
"87";"Hong Kong SAR, China";-4.2798588903635;NA;NA;NA;NA;-0.504239295969062;7.0191644123206;5.23738799760183;21.8897637033372;21.1305703773452;14.1329857774509;13.8231311342161;11.1017696205719;3.51304252725551;0.788465279826307;-6.06603441049042;0.697774499864226;3.74599000747548;-3.53672002054702;-5.34460037309333;-12.538629074119;-2.45664776719727;10.837517549921;12.3259891481564;11.4371621345837;12.0298943456952;NA;NA;NA;NA
"88";"Hungary";-11.5217707277973;NA;NA;NA;NA;-7.96858787811678;-9.62149276348399;-12.7522215707148;-12.3056558372709;-12.0483578224038;-4.97414562089167;-6.01268077568142;-8.62736714960955;-10.0364386325795;-7.88398396063636;-2.13132750815831;-4.57856362631119;-7.81769211070392;-9.08408585459894;-4.66881377400205;1.65462739128042;7.04843456461317;1.98628386102957;8.85135610144428;6.42123099728724;8.72691933592261;8.14432428163048;6.27729334738038;7.46517797376482;6.0814441911819
"89";"Iceland";NA;NA;NA;NA;NA;9.30991047642437;1.67998098560408;-0.27481732489594;1.29111611456067;7.07177351039064;19.0963001942938;11.5383299387263;12.5881437934396;10.9048007757797;7.12111897815909;10.9546988629015;8.18490812162655;11.6034684592359;-11.0878656384192;25.4839925720156;7.23967785150275;10.6701890029463;7.37978811743126;49.8330014880146;1.72073746872828;-6.86823478947881;-5.09687780618243;-1.4852000056339;-6.99978695419035;NA
"90";"India";NA;NA;NA;NA;NA;NA;NA;NA;NA;NA;-41.6560952033838;NA;NA;NA;NA;NA;NA;NA;NA;NA;NA;NA;NA;NA;NA;NA;NA;NA;NA;NA
"91";"Indonesia";NA;NA;NA;NA;NA;NA;NA;NA;NA;NA;NA;NA;NA;NA;NA;NA;NA;NA;NA;NA;NA;NA;NA;NA;NA;NA;NA;NA;NA;NA
"92";"Iran, Islamic Rep.";NA;NA;NA;NA;NA;NA;NA;NA;NA;NA;NA;NA;NA;NA;NA;NA;NA;NA;NA;NA;NA;NA;NA;NA;NA;NA;NA;NA;NA;NA
"93";"Iraq";NA;NA;NA;NA;NA;NA;NA;NA;NA;NA;NA;NA;NA;NA;NA;NA;NA;NA;NA;NA;NA;-18.5962576781979;-2.5028658271036;-8.96864868496623;10.1141042643624;1.63596916247458;9.88512769465981;-9.40810294280511;3.87478913504246;8.69252648272235
"94";"Ireland";NA;NA;NA;NA;NA;-8.51088196250792;-7.05388912456691;-11.3995674279545;-12.7796238016588;-7.54687855115117;-6.08018897933944;-18.2021745580916;-17.3962030346598;-21.7771080918357;-25.627233677401;-25.9508597593108;-30.5906812355895;-28.8144970134423;-23.9946308987405;-18.5931595343913;-15.2133868249743;-14.9082081595427;-8.93775981546918;-9.59667067363761;-8.6046811469429;NA;-1.95814910861612;-1.06399754885153;-5.24997005752895;-9.68681523635032
"95";"Isle of Man";NA;NA;NA;NA;NA;NA;NA;NA;NA;NA;NA;NA;NA;NA;NA;NA;NA;NA;NA;NA;NA;NA;NA;NA;NA;NA;NA;NA;NA;NA
"96";"Israel";NA;NA;NA;NA;NA;NA;NA;NA;NA;-8.08745070971794;-2.32355241415335;5.73866224249554;0.331224061665419;2.09117715889027;-0.034481045779504;-9.3118602698653;-2.41196136801921;-2.95781706146253;-0.71679882513527;-3.01882649286309;-2.80418385784822;-4.52743824265424;-6.0451792438823;0.116057570106292;-5.18898696115931;-6.03800976224853;NA;NA;NA;NA
"97";"Italy";NA;3.65227810486572;NA;-7.79396901291787;NA;5.1010555824817;4.9947704150652;4.85911658434514;4.22228800615796;-1.09823937579688;-2.81663602205764;-3.39459931017523;-4.57181046472727;-3.14934808832688;-4.99782831430718;-5.79883275786678;-7.19296507625996;-6.4660765010988;-5.5404579954372;-5.73086196566668;-6.25491412385726;-3.12855532861519;-6.275007413416;-6.49200643934029;-9.01169803835971;-8.70442851747721;2.87286457533716;2.03798656380903;-1.50962821034215;-5.91056075232976
"98";"Jamaica";NA;NA;NA;NA;NA;NA;NA;NA;NA;-35.5087316756981;NA;-5.4813813395798;-13.397215530081;-15.4183495698511;-20.7572624281427;-9.46837594050538;NA;NA;NA;NA;NA;NA;NA;NA;NA;NA;NA;NA;NA;NA
"99";"Japan";31.1273651085878;25.0942720030252;21.6943470335331;14.6731009113519;12.0833549088004;9.62328828764005;7.57224231187427;7.22386575722071;8.11460424248876;6.39975237633799;3.89844173855167;4.04350693412625;4.83494560449522;4.83453426768143;6.71671560519752;8.32749578719601;9.70966129244767;11.0285423168271;18.5349788510068;20.7655993304517;15.1190987340533;17.5032108782363;16.3370472668346;11.0802024885744;13.5456532987997;13.8465220037936;14.4216952289197;15.0809788989925;15.5592915906637;NA
"100";"Jordan";NA;NA;NA;NA;NA;NA;NA;NA;NA;NA;NA;NA;NA;NA;NA;-24.5325345383349;-6.26109368235621;NA;NA;NA;7.6753943024219;-4.99492925568114;-22.880592199219;-25.7024367764259;-22.3048276685279;-27.5001835025842;NA;NA;NA;NA
"101";"Kazakhstan";NA;NA;NA;NA;NA;NA;NA;NA;NA;NA;NA;NA;NA;NA;NA;NA;29.2662071400839;-3.62347894558783;-2.49143299026272;-12.4741790298045;-8.12142876377715;-8.2831622318468;0.503279822925865;3.18383768382659;8.57136677447665;16.2841184919037;29.1310341722167;13.7159554267612;7.9297422057482;12.304216776377
"102";"Kenya";NA;NA;NA;NA;NA;NA;NA;NA;NA;NA;NA;NA;NA;NA;NA;NA;NA;NA;NA;NA;NA;NA;NA;-4.30432184599618;-13.6486120813162;2.23761288742594;-21.095969123671;-19.1452526092498;NA;NA
"103";"Kiribati";NA;NA;NA;NA;NA;NA;NA;NA;NA;NA;NA;NA;NA;NA;NA;NA;NA;NA;NA;NA;NA;NA;NA;NA;NA;NA;NA;NA;NA;NA
"104";"Korea, Dem. People's Rep.";NA;NA;NA;NA;NA;NA;NA;NA;NA;NA;NA;NA;NA;NA;NA;NA;NA;NA;NA;NA;NA;NA;NA;NA;NA;NA;NA;NA;NA;NA
"105";"Korea, Rep.";NA;NA;NA;NA;NA;14.6544859497011;11.5278947303623;25.4792357493391;53.2909450812861;37.5346616120249;24.5073066205827;20.2039840873034;19.4610911973761;19.9971576606984;22.2224139505278;24.6064350424481;25.4378825745796;22.4870038807924;18.1221263883167;20.4660631258905;26.9515000357743;26.2213901512746;24.6540736701945;24.9194776355187;23.3156557617635;24.306556414884;16.7827000381615;12.8876698311514;8.76159987940438;NA
"106";"Kosovo";NA;NA;NA;NA;NA;NA;NA;NA;NA;NA;NA;NA;NA;NA;NA;NA;NA;NA;NA;NA;NA;NA;NA;NA;NA;NA;NA;NA;NA;NA
"107";"Kuwait";NA;NA;NA;NA;NA;NA;NA;NA;NA;NA;-16.0363810387912;-23.2328610074944;-11.5554014245858;13.4920811993383;11.7324325914677;5.42710866319655;-30.9095995436131;-19.4669172604162;-12.7446889732915;-0.345432903058772;-4.86063594536773;-18.1267611636809;-1.74672898852377;-10.6947579294137;-30.1421505733577;0.878416766559253;-7.22995034964124;-27.5447974007937;NA;NA
"108";"Kyrgyz Republic";NA;NA;NA;NA;NA;NA;NA;NA;NA;NA;NA;NA;NA;NA;NA;NA;NA;NA;NA;NA;NA;NA;NA;NA;NA;NA;NA;NA;NA;NA
"109";"Lao PDR";NA;NA;NA;NA;NA;NA;NA;NA;NA;NA;NA;NA;NA;NA;NA;NA;NA;NA;NA;NA;NA;NA;NA;NA;NA;NA;NA;NA;NA;NA
"110";"Latvia";NA;NA;NA;NA;NA;29.3504654568865;27.1712280365804;29.6463248103232;31.77934121575;24.0671711546416;18.346452631031;8.77711249356776;-0.965888042499305;27.7123337135588;23.2909168296587;25.2172093245107;17.4600357266383;3.17595154245206;18.2928845473582;15.79280434805;25.451324121457;14.9833296860375;24.7068242974929;15.4165872258869;11.0361813776156;-1.68337277720914;-3.72272563969754;-4.16439149460072;-3.4738806432509;-10.3247549411668
"111";"Lebanon";NA;NA;NA;NA;NA;NA;NA;NA;NA;NA;NA;-2.78367173101919;NA;NA;-8.43404153696868;NA;NA;NA;NA;-18.5481409265821;NA;NA;-24.0069594613688;NA;NA;NA;NA;NA;NA;NA
"112";"Lesotho";NA;NA;NA;NA;NA;NA;NA;NA;NA;NA;NA;NA;NA;NA;NA;NA;NA;NA;NA;NA;NA;NA;NA;NA;NA;NA;NA;NA;NA;NA
"113";"Liberia";NA;NA;NA;NA;NA;NA;NA;NA;NA;NA;NA;NA;NA;NA;NA;NA;NA;NA;NA;NA;NA;NA;NA;NA;NA;NA;NA;NA;NA;NA
"114";"Libya";NA;NA;NA;NA;NA;NA;NA;NA;NA;NA;NA;NA;NA;NA;NA;NA;NA;NA;NA;NA;NA;NA;NA;NA;NA;NA;NA;NA;NA;NA
"115";"Liechtenstein";18.9427307747775;NA;NA;NA;NA;29.7918674103242;28.5399031364843;27.4781563053254;27.4264901400484;5.59147121813071;-5.85141759046257;-0.932959165276942;-1.03035058940446;-0.572620370270238;-2.02734631992038;-11.0104216620158;-8.95504712098404;-14.4029265399296;-9.15239293916639;-2.0800793595552;2.64693444803247;-7.51662850014423;-4.46009836746862;0.630148871453543;7.23406333133705;4.90565350470409;5.01682610824007;2.76761656297753;13.2158075682347;5.98715854484644
"116";"Lithuania";NA;NA;NA;NA;NA;-2.99268617953558;2.96703900379829;-0.498249619188507;-6.82301310501883;18.6568263008165;12.7674426223638;7.89422288107955;1.47764205076356;7.67820440697994;18.9713243951137;6.97661535812828;2.10070076987809;7.83721395916402;5.45446895913828;15.8973860966702;2.63236857834212;-6.08853581194068;-6.92503596364521;-3.92310703706741;-3.99519703695344;-7.11330840924465;-6.20497017408121;-8.49583794338017;-10.4278893497156;-13.6902916413552
"117";"Luxembourg";-13.094354212947;-5.48310203446858;4.89126213547382;3.90187745989174;6.16783675398959;-6.28909920696623;-6.00757880040571;-12.1750477116688;-16.7074064720955;-17.9721395773601;-14.02606812646;-8.62772562273551;-5.40710884347023;-7.08159663671068;-0.74619732316207;2.12572742509612;-3.95758026267757;-9.03871217575805;-10.067301249722;-7.72584373276631;-4.31434143409994;-4.27294315962743;-2.08545927192595;-10.4525600144543;-8.88003152425386;-8.62937007634572;-5.4333576473902;-6.79784576372379;NA;NA
"118";"Macao SAR, China";NA;NA;NA;NA;NA;21.7783121569436;19.1601364692983;19.5986869141179;23.1839770885098;32.8421910821322;21.7768832149818;35.0007389523981;28.0856826247922;33.9830848834481;41.2967232025988;31.6201279849976;39.4160353008681;52.6455793769748;49.101371816696;18.642926613837;30.3693855586858;34.014148243898;21.702830305687;NA;NA;NA;NA;NA;NA;NA
"119";"Madagascar";NA;NA;NA;NA;NA;NA;NA;NA;NA;NA;NA;NA;NA;NA;NA;NA;NA;NA;NA;NA;NA;NA;NA;NA;NA;NA;NA;NA;NA;NA
"120";"Malawi";NA;NA;NA;NA;NA;NA;NA;NA;NA;NA;NA;NA;NA;NA;NA;NA;NA;NA;NA;NA;NA;NA;NA;NA;NA;NA;NA;NA;NA;NA
"121";"Malaysia";NA;NA;NA;NA;NA;NA;NA;NA;NA;NA;-4.09195241906367;-6.51840621317489;-9.37764688052057;-7.04862725928175;-12.9948137542442;-6.89614794367498;-10.7896837389008;-3.36812410048564;-1.22712755132313;-8.90760621132366;-10.4355502630114;-9.62658602012071;-14.7525267335448;-19.736103564046;-19.6475582712148;-17.519802873525;-14.0098556293135;-14.8668220936337;NA;NA
"122";"Maldives";107.362529247354;NA;NA;NA;NA;105.756740525198;NA;NA;NA;67.6712761703755;34.104921567086;117.262872743429;-47.833824717942;-9.53151245918564;-2.4289342934928;19.6473508254651;-19.5935758413672;-21.7591929583943;-21.8965950274243;1.37250550225992;-18.5911484601084;-6.256088738215;2.58908492697278;-43.5586972266183;2.05905451705117;NA;NA;NA;NA;NA
"123";"Mali";NA;NA;NA;NA;NA;NA;NA;NA;NA;NA;NA;NA;NA;NA;NA;NA;NA;NA;NA;NA;NA;NA;NA;NA;NA;NA;NA;NA;NA;NA
"124";"Malta";NA;NA;NA;NA;NA;31.7784649120045;15.7880976381957;23.3800150623561;1.66073802273548;14.9186073036214;-7.87739625007529;1.34275681655188;-7.98324700141297;-4.80699481858331;-12.5841179288052;-10.0384129338644;-16.248944035685;-17.9404113813682;-16.806567785237;-17.7433132348948;-8.48681432021605;-7.61027824342837;-7.5718539461448;-15.7533012523165;-19.5112810088335;-4.4547095205524;-4.98492829388161;-9.09611836507507;-12.1804252246081;-15.7520965516067
"125";"Marshall Islands";NA;NA;NA;NA;NA;NA;NA;NA;NA;NA;NA;NA;NA;NA;NA;NA;NA;-58.7882396380644;NA;NA;NA;NA;NA;NA;NA;NA;NA;NA;NA;NA
"126";"Mauritania";NA;NA;NA;NA;NA;NA;NA;NA;NA;NA;NA;NA;NA;NA;NA;NA;NA;NA;NA;NA;NA;NA;NA;NA;NA;NA;NA;NA;NA;NA
"127";"Mauritius";NA;NA;NA;NA;NA;NA;NA;NA;NA;NA;NA;47.2274897868131;26.482287510153;5.96016962263191;4.96141832927469;3.49390297845516;-2.39863958558981;0.916315803559501;-3.73760914224635;-8.79219100088087;0.584392613287033;1.29260227652971;1.61130722548266;-4.15839079943831;-9.33329166279766;-6.36752552305483;-1.01408656489922;-4.76188225421849;NA;NA
"128";"Mexico";NA;NA;NA;0.77312120715986;-0.358060346817089;-0.727199514306084;-3.87315523496458;6.39885162873626;2.48827857083369;-3.08824946009343;-2.45543332840012;3.07649118934228;5.69806662222704;5.238494111632;3.89893178550994;1.22598352132992;9.53017043857017;-2.84113509701896;-9.48736340225821;-12.3112628591875;-6.90067598309423;-11.8502166316722;-15.7795451442402;-26.0648439895299;NA;NA;NA;NA;NA;NA
"129";"Micronesia, Fed. Sts.";NA;NA;NA;NA;NA;NA;NA;NA;NA;NA;NA;NA;NA;NA;NA;NA;NA;NA;NA;NA;NA;NA;NA;NA;NA;NA;NA;NA;NA;NA
"130";"Moldova";NA;NA;NA;NA;NA;-20.5564554884905;-17.734978404979;-11.9073897907936;-1.76605121677037;20.8385994012133;22.6243063853805;23.5226890009961;-8.52362895556532;29.738155192377;1.47665985275452;-8.56415897761512;37.2809176542284;16.7677639329007;-0.268478015809618;-3.44439287148984;-4.28108590227934;-5.31266876375677;-5.87264790177402;-15.8902335313144;-20.0135250442214;-13.7879780953914;-31.4744885938138;-33.1523728649054;-35.0796651684544;-48.2952890106977
"131";"Monaco";NA;NA;NA;NA;NA;-23.0135669969607;NA;-17.1902401758775;-8.43452765110143;2.02675262678639;-5.1730906057956;-3.85158286565532;-3.64924097918262;-3.19102958257342;-0.906156904501409;-1.50145101858606;1.67453411172941;-1.58331626995831;-4.08405425408451;0.126603564436523;-1.69086348824696;-11.5875023844704;-13.8396926080967;NA;NA;NA;NA;NA;NA;NA
"132";"Mongolia";NA;NA;NA;NA;NA;NA;NA;NA;NA;NA;NA;NA;NA;NA;NA;NA;NA;NA;NA;NA;NA;NA;NA;NA;NA;NA;NA;NA;NA;NA
"133";"Montenegro";-13.9379253539927;NA;NA;NA;NA;-52.3962468525161;NA;NA;NA;NA;NA;NA;-39.1529537923807;NA;NA;NA;13.1310269261697;-30.8925129936006;-31.26333708863;-7.49182967858189;-0.813321492153332;-15.5751840649346;19.1498361972251;NA;NA;NA;NA;NA;NA;NA
"134";"Morocco";NA;NA;NA;NA;NA;NA;NA;NA;NA;NA;-35.0411800681764;NA;NA;NA;NA;NA;NA;NA;NA;NA;NA;NA;NA;NA;-2.74760934919241;-3.70751586776164;NA;NA;NA;NA
"135";"Mozambique";NA;NA;NA;NA;NA;NA;NA;NA;NA;NA;NA;NA;NA;NA;NA;NA;NA;NA;NA;NA;NA;NA;NA;NA;NA;NA;NA;NA;NA;NA
"136";"Myanmar";NA;NA;NA;NA;NA;NA;NA;NA;NA;NA;NA;NA;NA;NA;NA;NA;NA;NA;NA;NA;NA;NA;NA;NA;NA;NA;NA;NA;NA;NA
"137";"Namibia";NA;NA;NA;NA;NA;NA;NA;NA;NA;NA;NA;NA;NA;NA;NA;NA;NA;NA;NA;NA;NA;NA;NA;NA;NA;NA;NA;NA;NA;NA
"138";"Nauru";NA;NA;NA;NA;NA;NA;NA;NA;NA;NA;NA;NA;NA;NA;NA;NA;NA;NA;NA;NA;NA;NA;NA;NA;NA;NA;NA;NA;NA;NA
"139";"Nepal";NA;NA;NA;NA;NA;NA;NA;NA;NA;NA;NA;61.4263422532258;63.0399765238599;NA;NA;NA;NA;NA;NA;NA;NA;NA;NA;NA;NA;NA;NA;23.4249331275284;25.5102450135037;24.9919240942998
"140";"Netherlands";-7.337359221839;-6.57641441834919;NA;-15.0462064543173;-15.4122434513874;-12.3797743427635;-7.13196820198699;-9.49204093607067;-8.54334907461737;-10.3706033288582;-13.0944676143238;-15.6309169616728;-18.3078498872017;-18.2976555055037;-19.1419722699175;-18.0532496240696;-17.8398357019075;-16.8134662535684;-9.92055337048243;-8.11302677288656;-6.41835613158151;-6.10160820219157;-3.07584107464074;0.52526515534743;-0.146751026100618;-1.66179420935035;-2.64857271610277;-3.81944175523475;-4.59012222351197;-4.240755598268
"141";"New Caledonia";NA;NA;NA;NA;NA;NA;NA;NA;NA;NA;NA;NA;NA;NA;NA;NA;NA;NA;NA;NA;NA;NA;NA;NA;NA;NA;NA;NA;NA;NA
"142";"New Zealand";30.5453842425016;NA;NA;NA;NA;23.0694159187848;NA;NA;NA;NA;22.4361571167285;NA;-33.3020882394871;-27.0199270961441;-22.8899921158821;NA;-21.1368590047507;NA;NA;NA;0.109643008224424;1.50715956582952;2.33451756063481;-2.75453352368148;-9.12479860148215;-15.2622095906135;-17.6075003048921;-18.2358197546217;-22.3967092155355;NA
"143";"Nicaragua";NA;NA;NA;NA;NA;NA;NA;NA;NA;NA;NA;NA;NA;NA;NA;NA;NA;NA;NA;NA;NA;NA;NA;NA;NA;NA;NA;NA;NA;NA
"144";"Niger";NA;NA;NA;NA;NA;NA;NA;NA;NA;-0.773356935261283;-2.04546241935913;-2.71927145966677;-5.69548365037432;-3.21172459944552;-9.27360049378935;-20.1491641621019;NA;NA;NA;NA;NA;NA;NA;NA;NA;NA;NA;NA;NA;NA
"145";"Nigeria";NA;NA;NA;NA;NA;NA;NA;NA;NA;NA;NA;NA;NA;NA;NA;NA;NA;NA;NA;NA;NA;NA;NA;NA;NA;NA;NA;NA;NA;NA
"146";"North Macedonia";NA;NA;NA;NA;NA;NA;NA;NA;NA;NA;NA;NA;NA;NA;NA;NA;NA;NA;-20.4564283861424;-17.8075232725609;0.963905047467294;-4.65722764763781;4.70502164127141;1.04560960731093;5.33383069378543;2.7529184091761;2.35988313543261;14.9789413822961;-13.3767133646191;NA
"147";"Northern Mariana Islands";NA;NA;NA;NA;NA;NA;NA;NA;NA;NA;NA;NA;NA;NA;NA;NA;NA;NA;NA;NA;NA;NA;NA;NA;NA;NA;NA;NA;NA;NA
"148";"Norway";-20.1860926805443;NA;-15.1220251048472;-14.3906548543344;-12.8418552447441;-22.8053360856488;-21.3870802284158;-19.964079797465;-22.166348283146;-14.5860548901154;-19.5401819502791;35.3956822355786;23.5409778898167;24.3111386060984;18.8819534085021;15.2378843625504;8.2978531311261;0.715230791711745;8.26648567912616;14.485953871342;15.8530452741229;-2.63483760086502;0.110230563151914;3.78206473880287;10.5397284994258;15.1228403205619;-29.7465980093424;-28.3902248843496;-27.2988946226359;-31.0699758027219
"149";"Oman";NA;NA;NA;NA;NA;NA;NA;NA;NA;NA;NA;NA;NA;NA;NA;NA;NA;NA;NA;NA;NA;NA;NA;NA;NA;NA;185.579201122971;13.4222229609884;12.3448346675659;21.3546386774289
"150";"Pakistan";NA;NA;NA;NA;NA;NA;NA;NA;NA;NA;NA;NA;NA;NA;NA;NA;NA;NA;NA;NA;NA;NA;NA;NA;NA;NA;NA;NA;NA;NA
"151";"Palau";NA;NA;NA;NA;NA;NA;NA;NA;NA;NA;NA;NA;NA;NA;NA;NA;NA;NA;NA;NA;NA;NA;NA;NA;NA;NA;NA;NA;NA;NA
"152";"Panama";NA;NA;NA;NA;NA;NA;NA;NA;NA;NA;NA;NA;NA;NA;NA;NA;NA;NA;NA;NA;NA;NA;NA;NA;NA;NA;NA;NA;NA;NA
"153";"Papua New Guinea";NA;NA;NA;NA;NA;NA;NA;NA;NA;NA;NA;NA;NA;NA;NA;NA;NA;NA;NA;NA;NA;NA;NA;NA;NA;NA;NA;NA;NA;NA
"154";"Paraguay";NA;NA;NA;NA;NA;NA;NA;NA;NA;NA;NA;NA;NA;NA;NA;NA;NA;NA;NA;NA;NA;NA;NA;NA;NA;NA;NA;NA;NA;NA
"155";"Peru";NA;NA;NA;NA;NA;NA;NA;NA;NA;NA;NA;-2.81080225591546;NA;NA;NA;NA;NA;NA;NA;NA;NA;NA;NA;NA;NA;NA;NA;12.5918806820584;4.80157133647789;8.22169643620883
"156";"Philippines";NA;NA;NA;NA;NA;NA;NA;NA;NA;NA;NA;NA;NA;NA;NA;NA;NA;36.8585616641992;24.5885369143746;23.6587777255087;NA;NA;NA;NA;NA;NA;NA;NA;NA;NA
"157";"Poland";18.8832436873065;21.123098585963;20.9626602756956;21.2469665532907;17.594221866248;18.2969916706452;15.3853086239032;17.101298281822;18.2860515923999;13.0284455124289;10.9698004402932;24.7338174427832;33.2694143514564;42.3072792119943;44.6076102445729;16.4835958371738;16.7517239988739;15.7821004593435;11.8605557593765;18.3987560074797;16.1121956840725;15.5608436801615;14.1365538708245;21.1465231231857;34.2065061549166;29.5447796250597;21.9263186724306;16.8957826285819;12.5211726574134;10.3311267313763
"158";"Portugal";NA;NA;30.6030061709632;19.5237015464868;13.6302683934425;11.6439052259525;16.7133168763467;7.70448264254944;-3.49738226012666;-12.0469429592464;-18.3592298073756;-20.0678852233691;-17.9925180125743;-19.2102547136004;-2.42087980955965;-0.587781842666921;-2.21576452305493;-0.399464041571709;-9.80763870481909;-10.7919206677846;-16.0956366269802;-14.3134004567502;-7.52938111795932;1.36917641409699;-3.3207980629452;-8.76712903867167;-5.92250995204803;-6.82122277495823;-10.3538972422249;-11.7148206802802
"159";"Puerto Rico";NA;NA;NA;NA;NA;NA;NA;NA;NA;NA;NA;NA;NA;NA;NA;NA;NA;NA;NA;NA;NA;NA;NA;NA;NA;NA;NA;NA;NA;NA
"160";"Qatar";NA;NA;NA;NA;NA;NA;NA;NA;NA;NA;NA;NA;NA;NA;NA;NA;NA;NA;-25.1815613361139;-1.3936217910285;13.1931730418095;1.03019290582112;5.72892316171854;4.45253528997117;11.5407693830952;5.82950577803912;7.32443937361835;3.86413689212517;NA;NA
"161";"Romania";NA;NA;NA;NA;NA;1.14999834219615;9.43588284283927;8.80751702103425;13.335690174364;-1.58198478076807;-10.5006441681714;-4.47308996228283;-11.6304390841483;-3.70013853031647;-4.4574645377585;-14.3196734097206;-9.49977774336298;-7.56461341180364;-9.98871532113316;-17.9230088763508;-5.0862440297743;13.3307172662544;15.7744226743833;10.3944611497849;12.719924902789;13.3502320257298;-0.414606383266576;3.10162370808499;5.67348293668425;2.19514609161329
"162";"Russian Federation";10.7487324035962;NA;NA;NA;NA;-2.28290948706593;NA;NA;NA;NA;4.12506812932402;NA;NA;NA;NA;1.69648552087231;NA;-13.1391117267302;NA;NA;NA;NA;NA;-32.4984266192155;NA;NA;NA;NA;NA;NA
"163";"Rwanda";NA;NA;NA;NA;NA;NA;NA;NA;NA;NA;NA;NA;NA;NA;NA;NA;NA;NA;NA;NA;NA;NA;NA;NA;NA;NA;NA;NA;NA;NA
"164";"Samoa";NA;NA;NA;NA;NA;NA;NA;NA;NA;NA;NA;NA;NA;NA;NA;NA;NA;NA;NA;NA;NA;NA;NA;36.715481802415;-14.9247356171357;56.4776846088635;-32.2733024923048;-42.9633272878883;NA;NA
"165";"San Marino";NA;NA;NA;NA;NA;NA;NA;NA;NA;NA;NA;NA;NA;NA;NA;NA;NA;NA;NA;NA;NA;NA;NA;NA;NA;NA;NA;NA;NA;NA
"166";"Sao Tome and Principe";NA;NA;NA;NA;NA;NA;NA;NA;NA;NA;NA;NA;NA;NA;NA;NA;NA;NA;NA;NA;NA;NA;NA;NA;NA;NA;NA;NA;NA;NA
"167";"Saudi Arabia";NA;NA;NA;NA;NA;NA;NA;NA;NA;NA;NA;NA;NA;NA;NA;NA;NA;NA;NA;NA;NA;NA;NA;NA;NA;NA;NA;NA;NA;NA
"168";"Senegal";NA;NA;NA;NA;NA;-38.8587554108807;NA;NA;NA;NA;-32.3709182322719;NA;NA;NA;NA;-21.5001828230671;NA;NA;NA;NA;NA;NA;NA;NA;NA;NA;NA;NA;NA;NA
"169";"Serbia";NA;NA;NA;NA;NA;NA;NA;NA;NA;-0.644999383870981;NA;NA;NA;NA;NA;-33.1001988420378;62.2049856199345;39.0516504268077;14.2791644229484;14.7961220369092;-4.30804406718955;-14.5661331576005;2.63916094054052;-3.63877085439388;7.9200514426454;32.9594298219293;NA;NA;NA;NA
"170";"Seychelles";NA;NA;NA;NA;NA;NA;NA;NA;NA;NA;NA;NA;NA;NA;NA;NA;NA;NA;NA;NA;NA;NA;NA;NA;NA;NA;NA;NA;NA;NA
"171";"Sierra Leone";NA;NA;NA;NA;NA;NA;NA;NA;NA;NA;NA;NA;NA;NA;NA;NA;NA;NA;NA;NA;NA;NA;NA;NA;NA;NA;NA;NA;NA;NA
"172";"Singapore";NA;NA;NA;NA;NA;NA;NA;NA;NA;NA;-13.5938333837629;0.614530412706586;2.47122266807197;7.67532878067813;28.3274140679021;-2.41245930668028;2.58443775527047;-19.8421385424349;-2.54413522786194;-20.2130787250412;-12.9299940955575;-5.97699319896055;-21.2444254504804;-25.7202929673678;-9.02384543092296;-11.9423900044774;-12.8982450613214;-11.4956469518306;-11.1392066269311;-4.51012173443633
"173";"Sint Maarten (Dutch part)";NA;NA;NA;NA;NA;NA;NA;NA;NA;NA;NA;NA;NA;NA;NA;NA;NA;NA;NA;NA;NA;NA;NA;NA;NA;NA;NA;NA;NA;NA
"174";"Slovak Republic";NA;NA;15.9823867249321;11.5940666269716;7.89991243384224;6.20934443908045;20.6159771071806;30.2369504237832;36.3507326957419;34.8472925450815;6.38997375402061;40.9371189109162;26.3194988429395;22.1756065112787;31.4081370652571;25.6621518251838;20.2615305345396;17.3090786768161;11.4977985199136;15.7460695270393;9.15995115566927;15.3296332514523;16.6336633222873;18.153718413373;13.0597836753978;8.88208121528254;6.5081872652828;2.02988890195925;NA;NA
"175";"Slovenia";NA;NA;NA;NA;NA;-14.1287009694569;-13.1616280432786;-14.7788061725892;-12.671564554254;-8.24627778294053;-3.15961667023488;-1.60531425746027;12.6665377992607;9.11699195577636;-4.90461635195624;-6.32484507413366;-10.1120817957429;-10.283148093818;-14.7211599246861;-11.921060898074;-8.41235025683958;2.22284323570063;13.0555009752319;-1.68659931205799;-5.34385399424719;-11.7363840342143;-18.7287111632761;-22.2288105700724;-24.9099074826881;NA
"176";"Solomon Islands";NA;NA;NA;NA;NA;NA;NA;NA;NA;NA;NA;NA;NA;NA;NA;NA;NA;NA;NA;NA;NA;NA;NA;NA;NA;NA;NA;NA;NA;NA
"177";"Somalia";NA;NA;NA;NA;NA;NA;NA;NA;NA;NA;NA;NA;NA;NA;NA;NA;NA;NA;NA;NA;NA;NA;NA;NA;NA;NA;NA;NA;NA;NA
"178";"South Africa";NA;NA;NA;NA;NA;NA;NA;NA;NA;NA;NA;NA;NA;NA;NA;NA;NA;-43.4381421209487;NA;NA;NA;NA;NA;NA;NA;NA;NA;NA;NA;NA
"179";"South Sudan";NA;NA;NA;NA;NA;NA;NA;NA;NA;NA;NA;NA;NA;NA;NA;NA;NA;NA;NA;NA;NA;NA;NA;NA;NA;NA;NA;NA;NA;NA
"180";"Spain";NA;NA;NA;NA;NA;-2.50083437390409;-10.4925071633114;-15.8722902121357;-6.2331706725094;-8.66538271875109;-11.6183599719796;-13.8210387674051;-11.51375679405;-12.9283257110466;-6.37495590562707;-6.21878096907555;-9.14637416752133;-7.81022692747638;-4.32687682519362;-7.28686139289118;-3.30405161019911;-5.00814656398848;-1.94281629872246;-1.75286359630182;-0.491619942327119;-1.71872447017249;10.7510562116268;8.09520828076851;8.54819837243027;9.11774764878646
"181";"Sri Lanka";NA;NA;NA;NA;NA;NA;NA;NA;NA;NA;NA;NA;NA;NA;-37.2354623979212;NA;NA;NA;NA;NA;NA;NA;NA;NA;NA;NA;-38.9016647950403;NA;NA;NA
"182";"St. Kitts and Nevis";NA;NA;NA;NA;NA;NA;NA;NA;NA;NA;NA;NA;NA;NA;NA;NA;NA;NA;NA;NA;NA;NA;NA;NA;NA;NA;NA;NA;NA;NA
"183";"St. Lucia";NA;NA;NA;NA;NA;NA;NA;NA;NA;NA;NA;NA;NA;NA;-10.9926781402255;-6.04509894846581;-7.4201409766348;-7.51719110099847;-4.82531521880515;-5.59257617398605;-6.05972875823612;-0.730621687521279;-4.530259368823;-2.80859589139904;2.26553570591365;-3.68624040735581;-14.5563029601019;-4.34390750122065;0.193067242535637;11.9968482631608
"184";"St. Martin (French part)";NA;NA;NA;NA;NA;NA;NA;NA;NA;NA;NA;NA;NA;NA;NA;NA;NA;NA;NA;NA;NA;NA;NA;NA;NA;NA;NA;NA;NA;NA
"185";"St. Vincent and the Grenadines";NA;NA;NA;NA;NA;NA;NA;NA;NA;NA;NA;NA;-19.4363770505838;NA;NA;NA;NA;NA;NA;NA;NA;NA;NA;NA;NA;NA;NA;NA;NA;NA
"186";"Sudan";NA;NA;NA;NA;NA;NA;NA;NA;NA;NA;NA;NA;11.1499353929262;-3.81964598442717;-1.45577917274596;6.86306413346872;0.753979407889624;1.25493651482706;-3.68023409400114;-28.5509294353679;NA;NA;NA;NA;NA;NA;NA;NA;NA;NA
"187";"Suriname";NA;NA;NA;NA;NA;NA;NA;NA;NA;NA;NA;NA;NA;NA;NA;NA;NA;NA;NA;NA;NA;NA;NA;NA;NA;NA;NA;NA;NA;NA
"188";"Sweden";NA;NA;NA;NA;19.0120041256565;23.9661528777918;24.4900764051581;15.3263688334016;11.1460988296364;13.4903828033077;12.5783893183219;8.72607648794921;3.15602273263736;7.71248437989119;9.73165123975504;5.60340960354425;1.84981589169534;-1.94258298766199;-1.09341411468696;14.6890592082309;13.7224834629544;12.4309078874608;13.2234950999631;12.7735506716155;20.7419508940162;16.0674226825382;16.4935179559736;15.678258820108;20.2267964631345;14.8534646308796
"189";"Switzerland";-4.90140844895246;-4.9299081927549;-0.873123436844652;-1.41719592504214;1.19351645047757;0.415993987278824;-0.727129687157675;-1.37019494889295;-2.9368151401075;-7.92226199246911;-14.6115582659754;-16.4601256491475;-14.7454622861605;-12.268055820758;-11.1998141746255;-10.3864229304822;-17.3493895727297;-21.5642335512709;-22.9509810972802;-19.3882462435211;-19.2456026846001;-13.3409948479138;-13.4938138633478;-15.76174229058;-17.9656320595253;-19.2504436153326;-16.3179131880124;-14.6486979553645;-15.7557739684195;-17.2589854989537
"190";"Syrian Arab Republic";NA;NA;NA;NA;NA;NA;NA;NA;NA;NA;NA;NA;NA;NA;NA;NA;NA;NA;NA;NA;NA;NA;NA;NA;NA;NA;NA;NA;NA;NA
"191";"Tajikistan";NA;NA;NA;NA;NA;NA;NA;NA;NA;NA;NA;NA;NA;NA;NA;NA;NA;NA;NA;NA;NA;NA;NA;NA;NA;NA;NA;NA;NA;NA
"192";"Tanzania";NA;NA;NA;NA;NA;NA;NA;NA;NA;NA;NA;NA;NA;NA;NA;NA;NA;NA;NA;NA;NA;NA;NA;NA;NA;NA;NA;NA;NA;NA
"193";"Thailand";NA;NA;NA;NA;NA;NA;NA;NA;NA;NA;NA;NA;NA;NA;NA;NA;NA;NA;NA;NA;NA;NA;NA;NA;-2.09132732591766;-5.15123353448053;-5.33053251232899;-5.7003122903507;-13.342528087849;-14.1732168446814
"194";"Timor-Leste";NA;NA;NA;NA;NA;NA;NA;NA;NA;NA;NA;NA;NA;NA;NA;NA;NA;NA;NA;NA;NA;NA;NA;NA;NA;NA;NA;NA;NA;NA
"195";"Togo";NA;NA;NA;NA;NA;NA;NA;NA;NA;NA;NA;NA;NA;NA;NA;NA;NA;NA;NA;NA;3.11905135178092;7.23580438388674;-2.54871332600152;NA;NA;NA;NA;NA;NA;NA
"196";"Tonga";NA;NA;NA;NA;NA;NA;NA;NA;NA;NA;NA;NA;NA;NA;NA;NA;NA;NA;NA;NA;NA;NA;NA;NA;NA;NA;NA;NA;NA;NA
"197";"Trinidad and Tobago";44.7799753451007;NA;NA;NA;NA;25.7809568301129;21.240532285847;9.00439136326058;5.07476027066041;8.0050288435015;-13.3725338116247;0.949008153039107;-6.38568540158427;NA;NA;NA;NA;NA;NA;NA;NA;NA;NA;NA;NA;NA;NA;NA;NA;NA
"198";"Tunisia";NA;NA;NA;NA;NA;NA;NA;NA;NA;NA;16.7255106729057;14.5120051587833;13.9482324244219;14.4176283211958;NA;NA;NA;NA;NA;NA;NA;NA;NA;NA;NA;NA;NA;NA;NA;NA
"199";"Turkiye";NA;-6.93256651166011;NA;NA;-4.69796732467451;-7.44143546740365;-13.9512475945595;-18.5952081121917;NA;-11.8811110834417;-9.20083256809014;-21.7013402372594;-18.8536722865023;-15.0067622039865;-10.1605099572684;-3.92427644433688;-3.17308078156245;-5.17308606975636;2.14666273010279;-7.06779977822158;-5.01454708405263;-7.62656837375647;-2.9556948024716;-2.77600719947034;-1.15972580856095;-0.553377219503522;-6.06924388004477;-5.55898798133777;-6.21813072321658;-8.48859548154066
"200";"Turkmenistan";NA;NA;NA;NA;NA;NA;NA;NA;NA;NA;NA;NA;NA;NA;NA;NA;NA;NA;NA;NA;NA;NA;NA;NA;NA;NA;NA;NA;NA;NA
"201";"Turks and Caicos Islands";NA;NA;NA;NA;NA;NA;NA;NA;NA;NA;NA;NA;NA;NA;NA;NA;NA;NA;NA;NA;NA;NA;NA;NA;NA;NA;NA;NA;NA;NA
"202";"Tuvalu";NA;NA;NA;NA;NA;NA;NA;NA;NA;NA;NA;NA;NA;NA;NA;NA;NA;NA;NA;NA;NA;NA;NA;NA;NA;NA;NA;NA;NA;NA
"203";"Uganda";NA;NA;NA;NA;NA;NA;NA;NA;NA;NA;NA;NA;NA;NA;NA;NA;100.689856016489;NA;NA;NA;NA;NA;NA;NA;NA;NA;-0.454220131394358;20.7102207485141;NA;NA
"204";"Ukraine";NA;NA;NA;NA;NA;165.142536693789;NA;NA;NA;148.14573926376;36.5521203357256;-2.4416262814179;-12.1509278494275;-9.08795327133343;-9.15903727857697;23.2141195711472;24.1514874627373;-33.0507248196152;-17.8398935773749;2.65248030595449;0.794262984758229;-10.2830822100681;-15.766195902625;-12.6810921566088;-0.683239861589351;-12.0293546014515;-16.5179641932021;-8.96080620065889;-13.6022372813389;-13.0885609975367
"205";"United Arab Emirates";NA;NA;NA;NA;NA;NA;NA;NA;NA;NA;NA;NA;NA;NA;NA;NA;NA;NA;NA;NA;NA;-7.60237334160763;-0.636511530071054;-8.42095125098639;5.19754219576962;-10.5559931522398;2.81360514081567;1.03724674861526;-2.90963575054923;-3.97666208944137
"206";"United Kingdom";12.9126554682943;NA;NA;NA;NA;4.99980364179868;-2.0301290395105;-1.51127330313327;-2.80312909233058;-7.61674485611317;-8.87266240851993;-10.922840293044;-11.1481034923788;-10.3497674485163;-12.0590601088842;-10.8573684163383;-9.72916701058019;-7.84040941870471;-3.37042797699176;0.832645268893561;3.57159010546658;3.96226527132996;7.88751869223593;3.11063186881563;3.84009378134388;3.04506964601126;6.76131301780324;9.91255415611086;10.7017695677153;11.5967589358478
"207";"United States";-3.20805912222999;-3.30527289616972;-0.326028508552518;0.673952039673992;0.288787700184911;3.55082987528715;0.718856071517929;-1.41077460489854;-1.97534151616353;-4.35652042247315;-7.67514454970079;-4.2342270988041;-5.90037451932062;-5.81179923975851;-8.18488054858723;-7.41898454031191;-7.53302059915336;-5.63454196621928;-7.88528628128829;-6.8779727111462;-7.47535471846419;-7.92601726859185;-8.36181113469939;-7.73477231348452;-9.59408775689406;-12.4683881066998;-11.9337472085174;-11.3084245065204;-17.9968414245015;NA
"208";"Uruguay";14.1492065833589;NA;NA;NA;NA;12.3305186032831;NA;NA;NA;NA;12.4693425280827;NA;NA;NA;NA;NA;NA;NA;NA;NA;NA;NA;NA;NA;NA;NA;NA;NA;NA;NA
"209";"Uzbekistan";NA;NA;NA;NA;NA;NA;NA;NA;NA;NA;NA;NA;NA;NA;NA;NA;NA;NA;NA;NA;NA;NA;NA;NA;NA;NA;NA;NA;NA;NA
"210";"Vanuatu";NA;NA;NA;NA;NA;NA;NA;NA;NA;NA;NA;NA;NA;NA;NA;NA;NA;NA;NA;NA;NA;NA;NA;NA;NA;NA;NA;NA;NA;NA
"211";"Venezuela, RB";NA;NA;NA;NA;NA;NA;NA;NA;NA;NA;NA;NA;NA;NA;NA;NA;51.8959157219761;43.7083188820579;28.6551129044898;4.34379946720811;16.2612432392853;3.75107273331907;13.6484606244142;38.9443590330034;60.1388851798842;53.7012599842524;50.663407092654;NA;NA;NA
"212";"Vietnam";NA;NA;NA;NA;NA;NA;NA;NA;NA;NA;NA;NA;NA;NA;NA;NA;NA;NA;NA;NA;NA;NA;NA;NA;NA;NA;NA;NA;NA;NA
"213";"Virgin Islands (U.S.)";NA;NA;NA;NA;NA;NA;NA;NA;NA;NA;NA;NA;NA;NA;NA;NA;NA;NA;NA;NA;NA;NA;NA;NA;NA;NA;NA;NA;NA;NA
"214";"West Bank and Gaza";NA;NA;NA;NA;NA;NA;NA;NA;NA;NA;NA;-6.72193509726312;0.727922750015838;0.946961711978731;2.75217522261849;3.59267021779817;4.1572609902015;1.99618889547936;1.79027956086194;-3.10499579132675;-3.76141953897367;-3.26355509718976;-3.56867435215128;-5.25314663836308;-6.06967295986161;-7.0963359721256;-11.1941629512702;0.00682536057229017;-12.0604935436873;-6.44398020806503
"215";"Yemen, Rep.";NA;NA;NA;NA;NA;NA;NA;NA;NA;NA;NA;NA;NA;NA;NA;NA;NA;NA;NA;NA;NA;NA;NA;NA;NA;NA;NA;NA;NA;NA
"216";"Zambia";NA;NA;NA;NA;NA;NA;NA;NA;NA;NA;-9.57687542953337;NA;NA;NA;NA;-4.2532665330689;NA;NA;NA;NA;NA;NA;NA;NA;NA;NA;NA;NA;NA;NA
"217";"Zimbabwe";NA;NA;NA;NA;NA;NA;NA;NA;NA;NA;NA;NA;NA;NA;NA;NA;NA;NA;NA;NA;NA;NA;NA;NA;NA;NA;NA;NA;NA;NA
