"Country";"1990";"1991";"1992";"1993";"1994";"1995";"1996";"1997";"1998";"1999";"2000";"2001";"2002";"2003";"2004";"2005";"2006";"2007";"2008";"2009";"2010";"2011";"2012";"2013";"2014";"2015";"2016";"2017";"2018";"2019"
"1";"Afghanistan";NA;NA;NA;NA;NA;NA;NA;NA;NA;NA;NA;NA;NA;NA;NA;NA;NA;NA;NA;NA;NA;NA;NA;NA;NA;NA;NA;NA;NA;NA
"2";"Albania";NA;NA;NA;NA;NA;NA;NA;NA;NA;NA;NA;NA;NA;-4.24522754941618;NA;-22.4070925192709;-19.321469134823;-24.4105749497514;-26.6410278752058;-30.7830360534093;-34.0094843382707;NA;-35.2012353667633;NA;-20.3199095336554;-30.0819906683612;-23.3493640590374;-19.2372094535382;-23.0056780638839;-6.41541150441098
"3";"Algeria";NA;NA;NA;NA;NA;4.97325353199929;NA;NA;NA;NA;NA;NA;NA;-36.1128917489491;NA;NA;NA;NA;-31.2219328363009;NA;NA;NA;NA;NA;51.7157154639977;46.6733988139057;35.6794029330755;35.9678708369064;NA;NA
"4";"American Samoa";NA;NA;NA;NA;NA;NA;NA;NA;NA;NA;NA;NA;NA;NA;NA;NA;NA;NA;NA;NA;NA;NA;NA;NA;NA;NA;NA;NA;NA;NA
"5";"Andorra";NA;NA;NA;NA;NA;NA;NA;NA;37.8429142224485;34.8235058311234;NA;46.5925854582565;12.4678822990387;11.5294452232219;11.8548737776443;14.2708399474298;10.4610729333919;15.824285158605;7.00029567484723;4.06376389275757;NA;6.04822895249419;11.8934609926004;15.8657387531797;16.575101715674;15.5967748765038;12.7593311279526;12.321282250145;11.3941938277133;20.4075935012349
"6";"Angola";NA;NA;NA;NA;NA;NA;NA;NA;NA;NA;NA;NA;NA;NA;NA;NA;103.055676276305;NA;NA;NA;NA;NA;NA;NA;NA;NA;NA;NA;NA;NA
"7";"Antigua and Barbuda";NA;NA;NA;NA;NA;NA;NA;NA;NA;NA;NA;NA;NA;NA;NA;-21.8934505122105;-9.33478273075266;-25.4333071461452;-28.7309094490086;-39.0260044870455;-32.1376442350014;-28.9764527717334;-18.4141924325887;-16.1628540597953;-18.8552765424779;15.6055707246406;10.4419688733521;-33.1595542635357;-35.0071341008819;-25.5045415655508
"8";"Argentina";NA;NA;NA;NA;NA;NA;NA;NA;NA;NA;NA;NA;NA;NA;NA;NA;NA;NA;NA;NA;NA;NA;NA;NA;NA;NA;NA;NA;NA;NA
"9";"Armenia";168.041863745546;NA;NA;NA;NA;14.8904213053273;26.7740570328059;32.6040422051612;31.9842465370992;55.8842611225409;106.28695204196;90.400726622144;75.5410341104292;38.7143153914382;61.8037139712078;82.6415016582803;93.0027389508453;122.290833736314;130.628374211607;112.63562164044;128.984076643105;128.089403206325;124.19347706815;73.5825070547877;70.0622914024228;66.8469393668107;59.4123116500604;56.9367489390811;62.4565543224113;61.6081014269738
"10";"Aruba";NA;NA;NA;NA;NA;NA;NA;NA;NA;NA;NA;NA;NA;NA;NA;NA;NA;NA;NA;NA;NA;NA;NA;NA;NA;NA;NA;NA;NA;NA
"11";"Australia";-17.4872141875191;NA;-18.9919232532306;NA;NA;NA;NA;NA;NA;NA;-18.5686975950774;NA;NA;NA;NA;NA;NA;-7.07241870021918;-6.15688974153816;-5.84217148275639;-5.80381784797454;-3.70558231895173;-2.94338872134193;-10.7363864638391;-2.34679740348879;-1.41123035288705;5.28360382080317;5.78755878191127;NA;NA
"12";"Austria";NA;NA;NA;NA;NA;NA;-15.5762465614523;-18.3882361223749;-18.107042095857;-22.8406403514629;-20.2686429225779;-24.0271785365688;-28.0196059148801;-27.10129696386;-22.7642263354397;-22.9767132536257;-25.7082889043442;-26.1481189528453;-26.6640555484151;-26.5812997538496;-21.8256869823861;-24.0063854683203;-24.8981157006388;-25.7146671817358;-23.2866368751807;-22.3924260800207;-21.7149572241189;-22.3379259557698;-23.355212877978;-24.2627127247019
"13";"Azerbaijan";NA;NA;NA;NA;NA;NA;NA;NA;NA;NA;120.920088527344;83.0678263232945;11.1816938889271;8.99261959598876;19.1009259928733;21.6168040619586;35.0808308886458;30.8708605560617;48.3789778761504;43.2774359646837;44.9744059296103;32.6844938571939;45.7564178641295;47.88044080153;82.4989910343805;63.6087022760932;63.9536499365147;66.8205036990687;50.3018521788884;31.9974864364882
"14";"Bahamas, The";NA;NA;NA;NA;NA;NA;NA;NA;NA;NA;NA;NA;NA;NA;-11.9459351767857;-36.7096632077267;-32.1678648358581;NA;NA;NA;NA;NA;NA;NA;NA;NA;NA;NA;NA;NA
"15";"Bahrain";NA;NA;NA;NA;NA;NA;68.9532434776997;-1.20599793124214;1.36740825275791;8.18241653989774;4.79137012414552;-11.210509530037;-12.3465265376049;-24.8896118363169;-24.2964576497481;-42.4656383359206;-44.5562210907961;-38.5071074499232;-56.1162239565515;-50.2810038183722;-49.026998813862;-44.2951742843051;-44.5132436823308;-56.8861740930485;-45.7957315811359;-41.8672142274226;-46.3062540519297;-52.7317702942939;-58.1817034502117;-41.3314914138737
"16";"Bangladesh";NA;NA;NA;NA;NA;NA;NA;NA;NA;NA;NA;NA;NA;NA;NA;84.5252431770299;NA;NA;NA;58.1446272445225;NA;NA;NA;NA;69.0909698487496;NA;NA;NA;NA;NA
"17";"Barbados";NA;NA;NA;NA;NA;NA;NA;NA;NA;NA;NA;NA;NA;NA;NA;NA;NA;NA;NA;NA;NA;NA;NA;NA;NA;NA;NA;NA;NA;NA
"18";"Belarus";38.1215264754274;NA;NA;NA;NA;66.83279880623;NA;NA;NA;NA;76.1018521758214;88.4743529625167;80.6811048572601;53.2446779885873;61.4747465289934;59.4743673084443;47.8583365589694;50.987796324683;31.5641106931051;18.7121052124479;7.50994842334967;3.10150642222425;3.69297889013302;2.80685356397095;-0.471748480936139;-1.58016212103523;-2.97287493783228;-4.24178385244161;-6.17476948897111;-6.2931447447168
"19";"Belgium";105.03134486673;NA;NA;NA;NA;53.5084579720964;53.1420581001681;51.3398085494553;54.76693962496;52.8267461389209;48.251872636172;52.1499650304931;46.4341747588011;54.7028683038159;49.3024643636795;49.6943542989023;50.29344386171;47.7051174579668;53.8910458331018;56.5028161658489;64.2984733185388;61.514979175969;63.2911870570083;68.701155585511;71.4896126513127;77.1580649868308;81.1986525047451;84.7139522026022;83.6966276127514;81.1164735347739
"20";"Belize";NA;NA;NA;NA;NA;NA;NA;27.2767592800892;NA;NA;-30.5191977139452;NA;NA;NA;NA;NA;NA;NA;NA;NA;NA;NA;NA;NA;NA;NA;NA;NA;NA;NA
"21";"Benin";NA;NA;NA;NA;NA;NA;NA;NA;NA;NA;NA;NA;NA;NA;NA;NA;NA;NA;NA;NA;NA;NA;NA;NA;NA;NA;NA;NA;NA;NA
"22";"Bermuda";NA;NA;NA;NA;NA;NA;NA;NA;NA;NA;NA;-27.6300562036624;-29.1548410002448;-30.5537193415571;-29.7075553965483;-26.600802096424;-30.397844152543;-29.1900214787506;-27.1130809417273;-23.9198570089429;-23.3616926870675;-16.358732857369;-16.5384510393607;-19.7005789699347;-20.4015147824834;-20.8544650962461;-26.3480740768507;-31.3501171670313;-29.6570139465332;-23.3162760869035
"23";"Bhutan";NA;NA;NA;NA;NA;NA;NA;NA;NA;NA;NA;NA;NA;NA;NA;NA;NA;NA;NA;NA;NA;NA;-18.5846390229819;NA;NA;NA;NA;23.1436727780495;NA;47.9118123795179
"24";"Bolivia";NA;NA;NA;NA;NA;NA;NA;NA;NA;NA;NA;NA;NA;NA;NA;NA;NA;NA;NA;NA;NA;NA;NA;NA;NA;NA;NA;NA;NA;NA
"25";"Bosnia and Herzegovina";NA;NA;NA;NA;NA;NA;NA;NA;NA;NA;NA;NA;NA;NA;NA;NA;NA;NA;12.768195724961;10.9508396742338;16.2716889353819;7.35628198522867;8.73335847951344;15.9039182185986;5.22467705810254;11.5792930259401;9.44949546751706;8.82339508344338;6.65382069854146;8.57186383113786
"26";"Botswana";NA;NA;NA;NA;NA;NA;NA;NA;NA;NA;NA;NA;NA;NA;NA;NA;NA;NA;NA;NA;NA;NA;NA;40.392015608269;NA;173.991599035862;NA;15.5401036916675;NA;NA
"27";"Brazil";NA;NA;NA;NA;NA;NA;NA;NA;NA;NA;-31.2659067010717;NA;NA;NA;NA;-30.6837156116029;NA;NA;NA;NA;NA;NA;NA;-5.55342587090539;NA;NA;NA;NA;NA;NA
"28";"British Virgin Islands";NA;NA;NA;NA;NA;NA;NA;NA;NA;-4.05416752401754;-6.55881594544326;-7.33731489690339;7.87551376357616;9.45611534550486;-27.0175166169783;-34.2112806878218;NA;NA;NA;NA;NA;NA;NA;NA;NA;NA;NA;NA;NA;NA
"29";"Brunei Darussalam";NA;NA;NA;NA;NA;NA;NA;2.66811662580417;-31.8140051143001;NA;-22.2755179451966;-22.3377501714798;-20.581920694099;NA;NA;NA;NA;NA;NA;NA;NA;NA;NA;NA;NA;NA;NA;NA;NA;NA
"30";"Bulgaria";NA;NA;NA;NA;NA;-50.5419167652582;-39.5348428784413;-31.8421371293953;-33.4398253199605;-34.0030009921358;-35.3884093407201;-32.3458839182559;-32.0856759203309;-30.6220343182671;-29.4555410400173;-27.4537493659555;-25.8086734274003;-22.6210029335328;-28.8778588995639;-29.401207367521;-23.9713667905238;-17.2434200076148;-9.3071703203262;-4.41219805339749;-6.7859043112309;-1.84696827349543;2.45691212560264;-3.8430839097209;3.81897334149237;NA
"31";"Burkina Faso";NA;NA;NA;NA;NA;NA;-32.4246341535603;-27.7256222270065;-26.9267101425959;-29.2488032148734;-22.1242184776324;-32.34711846921;-30.7759415206084;-14.3876000891227;-28.5435350973487;-32.0035527698115;-34.4674727460406;-31.9323195296793;-27.0502215245525;-26.3631208027748;NA;NA;NA;NA;NA;NA;NA;NA;NA;NA
"32";"Burundi";NA;NA;NA;NA;NA;NA;NA;NA;NA;NA;NA;-7.89240460835369;-49.0831585333917;-34.3855293291438;-25.6018252095968;-13.6130778617472;-14.3415477213827;30.7512601774113;-8.6998312515399;17.1517447736757;176.827224253903;NA;44.5860133283646;NA;67.2282835504259;-42.4332545652301;1.13177767681745;41.8938642972456;254.445645579052;159.917728502763
"33";"Cabo Verde";NA;NA;NA;NA;NA;NA;NA;NA;NA;NA;NA;NA;NA;3.81327580290285;-0.319730181539648;-3.81359764891591;-4.63506479682889;-7.0468644688538;-5.96027493052691;-10.2577699906284;-13.8703326431191;NA;-30.1918415567732;-28.2674808575796;NA;-28.7679898335272;NA;NA;NA;NA
"34";"Cambodia";NA;NA;NA;NA;NA;NA;NA;NA;NA;NA;NA;NA;NA;NA;NA;NA;NA;NA;NA;9.12199961431834;-8.39279485109699;4.4683957678553;-1.2964015860284;NA;NA;NA;NA;NA;NA;NA
"35";"Cameroon";NA;NA;NA;NA;NA;NA;NA;NA;NA;NA;NA;NA;NA;NA;NA;NA;-35.210320964406;-32.8708344293954;-58.8950627084252;-60.9379991857238;NA;NA;NA;NA;NA;NA;NA;NA;NA;NA
"36";"Canada";74.1933131398029;NA;NA;NA;NA;137.411845786368;NA;NA;NA;NA;58.8951858430489;NA;NA;NA;NA;NA;NA;49.6184403675689;NA;NA;NA;NA;NA;NA;NA;NA;NA;NA;NA;NA
"37";"Cayman Islands";NA;NA;NA;NA;NA;NA;NA;NA;NA;NA;NA;NA;NA;NA;NA;NA;NA;NA;NA;NA;NA;NA;NA;NA;NA;NA;NA;NA;NA;NA
"38";"Central African Republic";NA;NA;NA;NA;NA;NA;NA;NA;NA;NA;NA;NA;NA;NA;NA;NA;NA;NA;NA;NA;NA;NA;NA;NA;NA;NA;NA;NA;NA;NA
"39";"Chad";NA;NA;NA;NA;NA;NA;NA;NA;NA;NA;NA;NA;NA;NA;NA;NA;NA;NA;NA;NA;NA;NA;NA;NA;NA;NA;NA;NA;NA;NA
"40";"Channel Islands";NA;NA;NA;NA;NA;NA;NA;NA;NA;NA;NA;NA;NA;NA;NA;NA;NA;NA;NA;NA;NA;NA;NA;NA;NA;NA;NA;NA;NA;NA
"41";"Chile";25.2245578460429;NA;NA;NA;NA;36.9391724590541;NA;NA;NA;NA;33.9856596124015;50.35225141246;48.8187851912477;46.0291378400033;44.8565705743938;28.5342520259936;40.8180843238828;38.6712217898728;37.0945128081639;33.723580540546;32.9504030687711;31.9521607856115;NA;26.0748229059382;24.0446347505972;18.4137174832251;21.2717599151045;9.91607249927817;11.2410335566825;NA
"42";"China";NA;NA;NA;NA;NA;15.7530401186872;NA;NA;NA;NA;21.8533096381539;9.76773130146914;8.58993508962914;-0.562534341257266;-3.10108116374331;-3.23253223797409;1.54952344072077;4.27026305719387;13.7191515661945;18.3920267298834;24.4325976218423;28.2508572613732;31.1090337095547;34.9301727302969;35.9694096927013;33.774256063784;29.3809758947169;27.7272652045289;NA;NA
"43";"Colombia";NA;NA;NA;NA;NA;NA;NA;NA;NA;NA;NA;NA;NA;NA;70.6217712627835;45.2382026701826;42.106421817377;20.541399157382;21.8665462633349;-3.94111891627785;22.1262391512977;12.3779909480972;24.1202343121464;25.9715116464386;29.65498148705;17.6767806211866;5.74354014118183;16.9225278807388;14.3281851217173;NA
"44";"Comoros";NA;NA;NA;NA;NA;NA;NA;NA;NA;NA;NA;NA;NA;NA;NA;NA;NA;NA;NA;NA;NA;NA;NA;NA;NA;NA;NA;NA;NA;NA
"45";"Congo, Dem. Rep.";NA;NA;NA;NA;NA;NA;NA;NA;NA;NA;NA;NA;NA;NA;NA;NA;NA;NA;NA;NA;NA;NA;NA;NA;NA;NA;NA;NA;NA;NA
"46";"Congo, Rep.";NA;NA;NA;NA;NA;NA;NA;NA;NA;NA;NA;NA;NA;NA;NA;NA;NA;NA;NA;NA;NA;NA;NA;NA;NA;NA;NA;NA;NA;NA
"47";"Costa Rica";NA;NA;NA;NA;NA;NA;NA;NA;NA;NA;NA;NA;-30.1449630457456;NA;NA;NA;NA;NA;NA;NA;-20.0652567166659;-26.6660391997935;-27.4057663434519;-29.023122556256;-30.0020974066175;-31.9844452297752;9.6316039827186;9.53333833047968;-1.6804446182372;7.79653982089706
"48";"Cote d'Ivoire";NA;NA;NA;NA;NA;NA;NA;NA;NA;NA;NA;NA;NA;NA;NA;NA;NA;NA;NA;NA;NA;NA;NA;NA;NA;NA;NA;NA;NA;NA
"49";"Croatia";NA;NA;NA;NA;NA;NA;NA;NA;NA;NA;NA;NA;NA;NA;29.8622425345517;19.0531158321783;5.20140993091958;1.81772652419523;-2.37057622497288;0.0428162996448394;6.84605301363574;5.5266082629778;4.18368106822031;1.11744535290364;6.1992735729446;3.66128337706159;1.47169280851079;-1.72381042492721;-5.37490103551534;-8.1034864122199
"50";"Cuba";NA;NA;NA;NA;NA;NA;NA;NA;NA;-0.951616982955724;-3.4079879434727;-8.2905758746745;-12.1429681291437;-13.7600415799953;-10.8138961760246;-16.7591163182868;-12.7658238592646;-17.8742748858848;-28.2531172629466;-16.4798387353252;-14.9055435117621;-3.61986059345289;-21.082507221749;-14.9546696308143;-10.7479528833873;-10.8247087017202;-17.3264470428528;-23.4768015903002;-23.964908612163;-19.8482666805919
"51";"Curacao";NA;NA;NA;NA;NA;NA;NA;NA;NA;NA;NA;NA;NA;NA;NA;NA;NA;NA;NA;NA;-48.0100983272863;-45.1648647981729;-51.8357583163627;-35.9646727185968;-53.7218455739197;-57.394252692518;-37.3737714054757;-35.0870755698118;NA;NA
"52";"Cyprus";NA;NA;NA;NA;NA;-11.7031240418222;-11.3460234377688;-12.606367309249;-11.5484296087927;-11.7270449754452;-11.7872272001435;-14.0241403550471;-14.2402541326213;-14.4218532912151;-17.1102793274344;-17.3360457104373;-17.7938648959913;-18.4874496273063;-21.7244266665177;-22.7541303449941;-20.5351003388097;-20.0207456926488;-20.3554670641611;-15.0664513840021;-10.8068274655282;-7.54793348627949;-9.46866422569932;-8.82900182542728;-12.6753732276989;-13.3786941660782
"53";"Czechia";NA;NA;NA;NA;NA;49.5351785993627;48.457080580173;45.5610541309067;57.8499469420458;38.8411206527768;38.7291813446262;69.4824723191854;65.8940467511714;66.198915465689;68.8206097617853;62.2479744325065;60.0155645941289;62.5388701513031;56.2495526389476;47.9320714912754;48.7233842459416;47.2045363635831;52.3985044235663;51.1153153300327;50.2436862591714;46.1548247257685;38.201425694188;NA;NA;NA
"54";"Denmark";NA;NA;NA;NA;-3.99969009870162;-0.69978685695943;-15.9645782123719;-11.4280277888982;-12.3597928058189;-17.7193663818454;-16.2193249802581;-21.7354357991718;-22.6340094863109;-22.4970359238378;-25.435703212258;-21.9831390595561;-29.0931989502944;-33.7700257753104;-37.2268834477255;-32.2169927200267;-22.4339654483471;-40.296856064597;-36.6278042604978;-31.9998132506742;-37.4306400634201;-38.8020132529316;-38.1086162402921;-37.3367194518573;-36.8516214224436;-39.1782805524315
"55";"Djibouti";NA;NA;NA;NA;NA;NA;NA;NA;NA;NA;NA;NA;NA;NA;NA;NA;NA;NA;NA;NA;NA;NA;NA;NA;NA;NA;NA;NA;NA;NA
"56";"Dominica";NA;NA;NA;NA;NA;NA;NA;NA;NA;NA;NA;-18.1226045756239;-28.7029479914802;-17.7038178767255;-20.7693788138797;-23.6243027514227;NA;NA;NA;NA;NA;NA;NA;NA;NA;NA;NA;NA;NA;NA
"57";"Dominican Republic";NA;NA;NA;NA;NA;NA;NA;NA;NA;NA;NA;NA;NA;NA;NA;NA;NA;NA;NA;NA;NA;NA;NA;NA;NA;NA;NA;NA;NA;NA
"58";"Ecuador";NA;NA;NA;NA;NA;NA;NA;NA;NA;NA;NA;NA;NA;NA;NA;NA;NA;NA;NA;NA;NA;5.02718192940362;52.9813808377645;48.2172327706335;7.82883127211668;-4.68108891206942;-4.25433064909872;0.874985083267513;1.59061289422104;NA
"59";"Egypt, Arab Rep.";NA;NA;NA;NA;NA;NA;NA;NA;NA;NA;NA;NA;NA;NA;NA;NA;NA;NA;-62.2006697214375;-68.7464474471802;-60.6374688811169;NA;-86.6707665203009;NA;NA;NA;NA;NA;NA;NA
"60";"El Salvador";NA;NA;NA;NA;NA;NA;NA;NA;NA;NA;NA;NA;NA;NA;NA;NA;NA;NA;NA;NA;NA;NA;NA;NA;NA;NA;NA;NA;NA;NA
"61";"Equatorial Guinea";NA;NA;NA;NA;NA;NA;NA;NA;NA;NA;NA;NA;NA;NA;NA;NA;NA;NA;NA;NA;NA;NA;NA;NA;NA;NA;NA;NA;NA;NA
"62";"Eritrea";NA;NA;NA;NA;NA;NA;NA;NA;NA;NA;NA;NA;NA;NA;NA;NA;NA;NA;NA;NA;NA;NA;NA;NA;NA;NA;NA;NA;NA;NA
"63";"Estonia";NA;NA;NA;NA;NA;17.2755390623293;10.91963328007;4.44733327142986;8.72905289734498;5.68374450225653;-6.1770630689711;18.7511095573024;8.2246204427886;7.34452187904416;0.60361617145255;2.80396531674222;12.3166016903246;1.89058706283323;16.0544194393018;30.7934331128395;48.9709224600299;51.2894172111087;NA;57.3535329887281;29.3406398728533;26.3321049691231;19.7825586385906;14.8206685575084;10.201299293665;20.6221452423592
"64";"Eswatini";NA;NA;NA;NA;NA;NA;NA;NA;NA;NA;NA;NA;NA;NA;NA;NA;NA;NA;NA;NA;NA;NA;NA;NA;NA;NA;NA;NA;NA;NA
"65";"Ethiopia";NA;NA;NA;NA;NA;NA;NA;NA;NA;NA;NA;NA;NA;NA;NA;NA;NA;NA;NA;NA;NA;NA;NA;NA;NA;NA;NA;NA;NA;NA
"66";"Faroe Islands";NA;NA;NA;NA;NA;NA;NA;NA;NA;NA;NA;NA;NA;NA;NA;NA;NA;NA;NA;NA;NA;NA;NA;NA;NA;NA;NA;NA;NA;NA
"67";"Fiji";NA;NA;NA;NA;NA;NA;NA;NA;NA;NA;NA;NA;NA;NA;NA;NA;NA;NA;NA;NA;NA;NA;NA;NA;NA;NA;NA;NA;NA;NA
"68";"Finland";NA;NA;NA;NA;30.557978873471;28.7157841701987;32.3933426415993;22.2056748701737;17.6176205674789;13.2928415318476;9.52088406635316;19.6150564183843;22.8171550310804;22.4047674879907;22.084636546029;18.3744188731908;16.4851189301614;13.7538892909447;9.94277894085813;18.1210938503798;22.7890679245256;14.1188669077654;13.499429454071;16.3235836973822;19.4268612951229;14.020769342585;15.7078283459456;14.4187426080919;6.21825493829516;NA
"69";"France";NA;NA;NA;5.11636207319215;NA;6.93650156718566;3.59194079586412;0.890575201161977;-0.65573387606284;-0.612096481745639;0.154788364007141;-3.32883959529581;-3.82225955953687;1.23158124740173;-1.02696074576971;-0.255035087607559;-4.42650417595605;-5.4654982015647;-4.44712840138502;-5.30223487259663;-4.46911563537902;-5.53736073645354;-4.15253580483166;-1.06816772171492;-3.30352272624849;-2.36662367373267;-3.29269108156544;-4.90243158115167;-4.722313912678;-8.20205815170416
"70";"French Polynesia";NA;NA;NA;NA;NA;NA;NA;NA;NA;NA;NA;NA;NA;NA;NA;NA;NA;NA;NA;NA;NA;20.1341214999108;11.6194017588084;4.03634402047773;26.2619215626355;NA;NA;NA;NA;NA
"71";"Gabon";NA;NA;NA;NA;NA;NA;NA;NA;NA;NA;NA;NA;NA;NA;NA;NA;NA;NA;NA;NA;NA;NA;NA;NA;NA;NA;NA;NA;NA;NA
"72";"Gambia, The";NA;NA;NA;NA;NA;NA;NA;NA;NA;NA;NA;NA;NA;NA;NA;NA;NA;NA;NA;NA;NA;NA;NA;NA;NA;NA;NA;NA;NA;NA
"73";"Georgia";NA;NA;NA;NA;NA;NA;NA;NA;NA;NA;NA;NA;NA;NA;NA;NA;NA;54.2949151873937;49.5717726154706;49.7232876139329;NA;NA;NA;NA;NA;NA;48.7427283901851;NA;NA;NA
"74";"Germany";-19.5318963727185;NA;NA;NA;NA;-20.7972799940305;-22.7787380477847;-24.136175249259;-23.050565542457;-22.2793159204563;-21.1870013017312;-20.0842756042525;-21.6782746880152;-17.963753682747;-15.9905188374622;-11.29703446687;-11.5764693693817;-14.2308797148183;-15.2859814947818;-15.6428976395317;-17.5422011239994;-20.9879147647465;-20.4637348795154;-20.7042589660874;-22.1582436862726;-21.0616614546048;-21.7926795673461;-21.5231462321396;-17.9030097304296;-17.4005050694827
"75";"Ghana";49.2007483598144;NA;NA;NA;NA;32.8742006505058;26.2009989832651;21.2661022950982;25.3967209946041;15.826973642235;12.9106649420206;13.6349585640573;15.4523160604447;18.0370417795952;20.9940692755686;2.33140460415863;11.9285971144662;9.39400818340998;4.67081996327942;5.52946573061031;-0.228586250975507;1.20694603393813;1.16641375691901;14.4899881061378;19.071241404417;14.6686807703077;16.8679949986908;17.489911454199;NA;NA
"76";"Gibraltar";NA;NA;NA;NA;NA;NA;NA;NA;NA;NA;NA;NA;NA;NA;NA;NA;NA;NA;NA;NA;NA;NA;NA;NA;NA;NA;NA;NA;NA;NA
"77";"Greece";37.8435056342449;NA;33.4746078884336;NA;NA;35.8433556014583;24.5253570851252;16.8621473819107;13.6358049708074;9.19670847280447;3.22871125571425;3.52569771497122;3.06216532430897;2.78937443699417;2.46413585114251;0.409588806103882;1.7790272643468;1.46229062928182;0.952577654081052;-0.804016206774801;-14.4538792817589;-9.87463604616007;-8.32919244814156;-14.6699743378082;-8.8354376666931;-7.81478522090338;NA;NA;NA;NA
"78";"Greenland";NA;NA;NA;NA;NA;NA;NA;NA;NA;NA;NA;NA;NA;NA;NA;NA;NA;NA;NA;NA;NA;NA;NA;NA;NA;NA;NA;NA;NA;NA
"79";"Grenada";NA;NA;NA;NA;NA;NA;NA;NA;NA;NA;NA;NA;NA;NA;NA;NA;NA;NA;NA;NA;NA;NA;NA;NA;NA;NA;NA;NA;NA;NA
"80";"Guam";NA;NA;NA;NA;NA;NA;NA;NA;NA;NA;NA;NA;NA;NA;NA;NA;NA;NA;NA;NA;NA;NA;NA;NA;NA;NA;NA;NA;NA;NA
"81";"Guatemala";NA;NA;NA;NA;NA;NA;NA;NA;NA;NA;NA;NA;NA;NA;NA;NA;NA;NA;NA;NA;NA;NA;NA;NA;NA;NA;NA;NA;NA;NA
"82";"Guinea";NA;NA;NA;NA;NA;NA;NA;NA;NA;NA;NA;NA;NA;NA;NA;NA;NA;NA;NA;NA;NA;NA;NA;NA;NA;NA;NA;NA;NA;NA
"83";"Guinea-Bissau";NA;NA;NA;NA;NA;NA;NA;NA;NA;NA;NA;NA;NA;NA;NA;NA;NA;NA;NA;NA;NA;NA;NA;NA;NA;NA;NA;NA;NA;NA
"84";"Guyana";NA;NA;NA;NA;NA;NA;NA;NA;NA;NA;NA;NA;NA;NA;NA;NA;NA;NA;NA;NA;NA;NA;NA;NA;NA;NA;NA;NA;NA;NA
"85";"Haiti";NA;NA;NA;NA;NA;NA;NA;NA;NA;NA;NA;NA;NA;NA;NA;NA;NA;NA;NA;NA;NA;NA;NA;NA;NA;NA;NA;NA;NA;NA
"86";"Honduras";26.7175639529276;NA;NA;NA;NA;NA;NA;NA;NA;NA;NA;NA;NA;NA;NA;NA;NA;NA;NA;NA;35.4662345955597;NA;NA;107.763323969473;NA;NA;NA;NA;NA;NA
"87";"Hong Kong SAR, China";-10.1041722327744;NA;NA;NA;NA;-14.7352559862883;-8.96490347160125;-11.8454160430541;-1.59164978120382;5.37915515694292;-7.23687011729156;-7.85260495865083;-11.9770326664422;-17.4608052502724;-17.7235721165967;-22.0868194419006;-22.4928616921973;-18.4723299045607;-22.4517797530638;-20.9338423477833;-28.2228641137282;-18.2560166914579;-7.96000652003761;-7.37387325380353;-8.31975215263288;-6.7398256925955;NA;NA;NA;NA
"88";"Hungary";-23.1624635533592;NA;NA;NA;NA;-13.0459349202833;-14.0184218114672;-17.3574705297335;-16.8342480222013;-16.3070668378387;-9.58758334897971;-10.0663545705479;-10.445058209512;-10.664429078516;-8.19917655820699;-8.0695517958175;-9.00617385603467;-6.46134865569666;-5.58038678504455;-1.01085071313541;6.26577571361972;12.224057783946;6.11167510958452;12.8478413529022;10.9816213945553;13.8234810936931;13.2904147981923;11.6505172609112;12.7360988159899;11.2229266565611
"89";"Iceland";NA;NA;NA;NA;NA;42.4346953582903;40.693155264184;37.7690096245604;37.5183043394164;38.7885198309254;39.5474251666963;36.6400042455932;34.7197721146459;33.0920885867203;27.887028175481;26.6242558239453;27.176029059238;37.4888941116705;23.3470558975314;92.5517743749803;63.071131668062;61.2839653607464;56.0154005209911;135.957499802894;56.4734623399048;43.8043337308621;29.4516808615012;31.5654093811578;22.562442841985;NA
"90";"India";NA;NA;NA;NA;NA;NA;NA;NA;NA;NA;-43.3735810230072;NA;NA;NA;NA;NA;NA;NA;NA;NA;NA;NA;NA;NA;NA;NA;NA;NA;NA;NA
"91";"Indonesia";NA;NA;NA;NA;NA;NA;NA;NA;NA;NA;NA;NA;NA;NA;NA;NA;NA;NA;NA;NA;NA;NA;NA;NA;NA;NA;NA;NA;NA;NA
"92";"Iran, Islamic Rep.";NA;NA;NA;NA;NA;NA;NA;NA;NA;NA;NA;NA;NA;NA;NA;NA;NA;NA;NA;NA;NA;NA;NA;NA;NA;NA;NA;NA;NA;NA
"93";"Iraq";NA;NA;NA;NA;NA;NA;NA;NA;NA;NA;NA;NA;NA;NA;NA;NA;NA;NA;NA;NA;NA;-2.42578889463643;3.84228804421884;11.1194461551442;19.2040095240192;6.25915894320596;6.79547814236821;-22.0978403757673;-8.66961042501678;-3.69104989118093
"94";"Ireland";NA;NA;NA;NA;NA;-21.5217480030457;-20.8675332911818;-23.3190115685242;-24.820733129509;-27.2207813099256;-30.4128614711326;-38.9843042388779;-38.3143350553179;-41.3016744166651;-41.4455277324756;-42.1797479319024;-45.7875253506101;-44.4076562231012;-40.5547854396013;-34.4499341814972;-31.7252536208922;-32.8181399509714;-29.1954443247028;-30.2555247717661;-26.2871340176107;NA;-26.3834333249345;-25.7027243711459;-28.4925694066724;-31.5940998525397
"95";"Isle of Man";NA;NA;NA;NA;NA;NA;NA;NA;NA;NA;NA;NA;NA;NA;NA;NA;NA;NA;NA;NA;NA;NA;NA;NA;NA;NA;NA;NA;NA;NA
"96";"Israel";NA;NA;NA;NA;NA;NA;NA;NA;NA;-6.26942013657182;-3.88841156110769;4.91759093781089;-1.03048564272627;1.99937833242415;-0.499162384876303;2.10802663082541;-2.0241994970714;-2.17465833499312;-0.703159695572859;-2.85337875365353;-0.93260101637218;-1.97893629362363;-1.04670777537933;1.22632953841993;-2.71975192061884;-2.81268598403855;NA;NA;NA;NA
"97";"Italy";NA;6.53895932476528;NA;-5.24682419889401;NA;-3.33608501908092;-2.97453082022717;-5.03996048101486;-5.3133420292929;-10.0810222582429;-12.1675758216906;-12.776681612953;-13.7689048308581;-12.9089732238894;-15.2308128554179;-16.1188853150249;-17.8715408548531;-17.4043717759471;-16.7762114026281;-16.5632003157523;-16.8102353649163;-14.2283407077073;-10.6698859824607;-6.7961940142242;-9.34386621671226;-8.56062916577634;-7.65186566623955;-5.85343299298111;-7.60563147425955;-8.07417976408014
"98";"Jamaica";NA;NA;NA;NA;NA;NA;NA;NA;NA;-25.3037671964991;NA;-23.9002152798073;-23.0132621865854;-24.3049747679447;-28.047369349032;-30.2315882075574;NA;NA;NA;NA;NA;NA;NA;NA;NA;NA;NA;NA;NA;NA
"99";"Japan";21.7942532883209;21.7006340339299;23.345688779041;23.0242825251076;23.6657896667158;22.8779948467275;22.9836012902366;23.1102374799286;21.6901495593277;20.8668761266472;14.9094835728046;15.7468337092255;20.1060675238677;23.3490106687796;27.9790515750328;30.1675669538459;33.3720395741043;37.2191008810255;44.3950615685844;50.1564193954406;55.0757634290775;53.4014505785052;53.8435791710485;53.229655288406;56.9552172810433;58.1431522533318;61.0822406541273;65.3135042405039;67.2386940543333;NA
"100";"Jordan";NA;NA;NA;NA;NA;NA;NA;NA;NA;NA;NA;NA;NA;NA;NA;-18.4340463121809;-13.0746788221062;NA;NA;NA;-13.5223895752559;-16.5468704213061;-25.1620900022718;-36.0382770063678;-38.3850956887261;-42.5755995947248;NA;NA;NA;NA
"101";"Kazakhstan";NA;NA;NA;NA;NA;NA;NA;NA;NA;NA;NA;NA;NA;NA;NA;NA;44.8738775474189;4.99589346137506;5.36681176127192;-5.17886543712376;-1.97137278604332;-5.90512365029434;1.87374646066733;1.49167722991369;6.99095564944281;17.4895398972808;33.046106818961;20.3608924433372;16.4694717723596;21.6159608869883
"102";"Kenya";NA;NA;NA;NA;NA;NA;NA;NA;NA;NA;NA;NA;NA;NA;NA;NA;NA;NA;NA;NA;NA;NA;NA;30.2522509534268;13.1043320781204;32.2104949800341;-6.04341031478616;-0.247845319096477;NA;NA
"103";"Kiribati";NA;NA;NA;NA;NA;NA;NA;NA;NA;NA;NA;NA;NA;NA;NA;NA;NA;NA;NA;NA;NA;NA;NA;NA;NA;NA;NA;NA;NA;NA
"104";"Korea, Dem. People's Rep.";NA;NA;NA;NA;NA;NA;NA;NA;NA;NA;NA;NA;NA;NA;NA;NA;NA;NA;NA;NA;NA;NA;NA;NA;NA;NA;NA;NA;NA;NA
"105";"Korea, Rep.";NA;NA;NA;NA;NA;23.8472931110782;22.010094499025;30.4490032569645;38.5758069890614;39.5211227185168;39.3732928000397;36.2723808395451;34.7319903344133;34.6262238045167;38.2060042940757;42.390662704571;43.6462061610041;41.0992372024065;37.5735924666402;40.9290412542224;50.6210537453426;54.0174041108377;54.8197196389122;50.6712709878201;49.9306535538685;47.5809084158969;42.7529260810265;44.5679421027594;39.2389678303215;NA
"106";"Kosovo";NA;NA;NA;NA;NA;NA;NA;NA;NA;NA;NA;NA;NA;NA;NA;NA;NA;NA;NA;NA;NA;NA;NA;NA;NA;NA;NA;NA;NA;NA
"107";"Kuwait";NA;NA;NA;NA;NA;NA;NA;NA;NA;NA;-42.400785283886;-24.8453137763905;-28.6815009860888;-10.2823052204242;-13.1009067844234;-13.9240756801816;-50.3778134592686;-42.0346779376363;-38.3373808706124;-29.6028468454646;-34.4103743258079;-45.0772519775662;-35.0608798292018;-43.3459339599579;-53.6357849304422;-35.766874359098;-40.1362320446756;-52.6750810291934;NA;NA
"108";"Kyrgyz Republic";NA;NA;NA;NA;NA;NA;NA;NA;NA;NA;NA;NA;NA;NA;NA;NA;NA;NA;NA;NA;NA;NA;NA;NA;NA;NA;NA;NA;NA;NA
"109";"Lao PDR";NA;NA;NA;NA;NA;NA;NA;NA;NA;NA;NA;NA;NA;NA;NA;NA;NA;NA;NA;NA;NA;NA;NA;NA;NA;NA;NA;NA;NA;NA
"110";"Latvia";NA;NA;NA;NA;NA;52.1392502861277;51.9882065538978;58.2119745040881;63.6479092965623;59.5798532847546;53.2720839457075;34.4421706778875;22.1430522021076;39.7812459440386;33.2211510518494;31.7125749603627;21.707201970426;4.88235713424847;18.3406234747958;16.7194223864337;28.3594004021258;16.8222896339017;27.0556306809769;17.4975211130699;13.0081133648649;1.26477002078778;0.0101308499441894;-0.741160775385324;-1.7604078275528;-8.83536159426862
"111";"Lebanon";NA;NA;NA;NA;NA;NA;NA;NA;NA;NA;NA;-5.93354700812743;NA;NA;-16.4590765397864;NA;NA;NA;NA;-27.3923905216911;NA;NA;-34.8152509413197;NA;NA;NA;NA;NA;NA;NA
"112";"Lesotho";NA;NA;NA;NA;NA;NA;NA;NA;NA;NA;NA;NA;NA;NA;NA;NA;NA;NA;NA;NA;NA;NA;NA;NA;NA;NA;NA;NA;NA;NA
"113";"Liberia";NA;NA;NA;NA;NA;NA;NA;NA;NA;NA;NA;NA;NA;NA;NA;NA;NA;NA;NA;NA;NA;NA;NA;NA;NA;NA;NA;NA;NA;NA
"114";"Libya";NA;NA;NA;NA;NA;NA;NA;NA;NA;NA;NA;NA;NA;NA;NA;NA;NA;NA;NA;NA;NA;NA;NA;NA;NA;NA;NA;NA;NA;NA
"115";"Liechtenstein";30.3053718353806;NA;NA;NA;NA;41.7937749351699;39.0114131335806;44.3403841524156;35.9651960766766;12.1154902447343;3.89081212790928;8.88406776213861;4.01913677562475;3.50784789124132;6.77549762134316;-2.71524799332794;-2.06896074817939;-10.5666556372561;-1.28277549881363;7.26836984187919;15.3757499384734;6.57643002750111;13.1753351358536;24.4516258167356;28.2067140468626;24.3755254639554;22.6660176161836;22.9536230139553;33.5084076558426;24.8223251670835
"116";"Lithuania";NA;NA;NA;NA;NA;-4.84839794777347;1.66943571124184;-3.27285483872173;-7.55874086823034;14.213532464132;8.11293623915631;6.97864134775192;1.26789313478893;6.5177724823851;11.2766500189459;6.67801719620271;2.4442138962551;1.04799368313239;-0.709175800274424;10.471709331381;1.08843641027044;-6.36645896176827;-6.50898864468303;-4.52207110505417;-4.22644611602662;-8.29300802143342;-7.65811201245688;-9.91840235860737;-11.0432394719603;-12.4573741796733
"117";"Luxembourg";-3.17017535822372;2.17505369048359;15.0465437294101;13.6651163427299;17.0839329386212;-5.68882551855976;-5.35444740413774;-9.19157532422063;-13.4655642968492;-15.2958452752205;-14.9506012881394;-12.8017424406622;-12.8892635024061;-15.1724534464214;-11.446457803556;-9.41929579098022;-11.4795152737454;-12.918720663603;-13.0992903505472;-11.7411621520052;-10.6368745306954;-8.93121923284324;-6.51958589182501;-7.2761069272428;-4.14167467285641;-2.30722690665371;3.39608495112511;4.10968659867828;NA;NA
"118";"Macao SAR, China";NA;NA;NA;NA;NA;86.8088295659913;85.2744053139852;77.5500665995506;78.5907985617805;78.02936646334;77.5417687258185;81.2403238646646;78.4965932415912;82.8425144019515;85.0632405018261;73.8171615344405;71.7577620999653;74.7595884499424;71.4467295325167;50.6387987658749;64.7243873306592;63.8316655929098;49.9623866080239;NA;NA;NA;NA;NA;NA;NA
"119";"Madagascar";NA;NA;NA;NA;NA;NA;NA;NA;NA;NA;NA;NA;NA;NA;NA;NA;NA;NA;NA;NA;NA;NA;NA;NA;NA;NA;NA;NA;NA;NA
"120";"Malawi";NA;NA;NA;NA;NA;NA;NA;NA;NA;NA;NA;NA;NA;NA;NA;NA;NA;NA;NA;NA;NA;NA;NA;NA;NA;NA;NA;NA;NA;NA
"121";"Malaysia";NA;NA;NA;NA;NA;NA;NA;NA;NA;NA;6.87476516211849;8.00776393907172;9.80474213595136;1.13804572401108;-7.65158419025767;-14.6209928488338;-19.897962102262;-20.5295935047541;-21.6415147166719;-22.6718315388235;-26.0499235439874;-26.2890628945251;-30.6049319987976;-30.6323417291292;-29.2912316202506;-30.3315057657886;-31.2868681014907;-32.3401924789353;NA;NA
"122";"Maldives";-6.60465788515796;NA;NA;NA;NA;-4.47131869747279;NA;NA;NA;50.8915243143253;139.87807227297;188.294992531015;-65.5819621789349;-28.8642708010979;-13.7356951655207;-12.8397872237361;-41.9695144554794;-31.3212912547385;-18.5896322069803;-29.6757127434938;-9.46288395956877;7.34105001547054;15.2790155742213;-43.1661845369226;-21.8377543279414;NA;NA;NA;NA;NA
"123";"Mali";NA;NA;NA;NA;NA;NA;NA;NA;NA;NA;NA;NA;NA;NA;NA;NA;NA;NA;NA;NA;NA;NA;NA;NA;NA;NA;NA;NA;NA;NA
"124";"Malta";NA;NA;NA;NA;NA;45.4462677640453;37.7130516886564;23.8671132601385;19.5189485895999;17.021716654226;3.62167992760721;-0.264853730941374;1.75433383204832;-8.59170656731126;-17.1263157830131;-15.3741511296363;-20.4042777836395;-22.5653205754307;-23.1737561652512;-20.0448648763284;-11.9580140643495;-10.7403799190284;-4.95131386675239;-5.41992991950451;-8.98548389793734;-6.74765550528211;-6.21665742551828;-9.99696633192494;-10.5854572565673;-14.9014717641286
"125";"Marshall Islands";NA;NA;NA;NA;NA;NA;NA;NA;NA;NA;NA;NA;NA;NA;NA;NA;NA;-19.2541668219728;NA;NA;NA;NA;NA;NA;NA;NA;NA;NA;NA;NA
"126";"Mauritania";NA;NA;NA;NA;NA;NA;NA;NA;NA;NA;NA;NA;NA;NA;NA;NA;NA;NA;NA;NA;NA;NA;NA;NA;NA;NA;NA;NA;NA;NA
"127";"Mauritius";NA;NA;NA;NA;NA;NA;NA;NA;NA;NA;NA;43.1786911936423;32.3984442338139;22.9520534066151;22.7595806649232;22.7145912620053;14.6128316401396;19.0103146725117;12.9962465132082;8.88965073881283;10.5472696916576;12.3610825482548;12.2031722609425;6.27136055232644;3.56590788151531;-1.58847809975802;-1.24386716033048;-4.51720052150239;NA;NA
"128";"Mexico";NA;NA;NA;7.34636143789729;5.29640703643938;-0.951222329465842;-4.42749639844204;4.24142495080669;-0.641245296228312;-1.26919212605086;1.19140573514575;-0.81841459719199;-2.43390612216047;-7.21558419297426;-10.2501558006285;-13.2704587772974;-14.2081415338358;-21.1119348337998;-19.4146849136688;-21.6476390946377;-22.8278550643218;-25.2722656603488;-26.4252032740371;-28.7229543044294;NA;NA;NA;NA;NA;NA
"129";"Micronesia, Fed. Sts.";NA;NA;NA;NA;NA;NA;NA;NA;NA;NA;NA;NA;NA;NA;NA;NA;NA;NA;NA;NA;NA;NA;NA;NA;NA;NA;NA;NA;NA;NA
"130";"Moldova";NA;NA;NA;NA;NA;-40.8025135506861;-38.4287036120217;-30.9096919772657;-20.4783353999298;-8.20902643538706;-4.85172138490188;11.5142208749297;7.21405476781853;16.3458058763912;13.956285019325;9.36236396171903;3.88074118546578;-25.8061997591036;-41.275581550915;-42.5213793715189;-45.8373574859973;-47.0793470297299;-47.3854205379402;-52.2662322264642;-55.2822290859363;-59.2264510055772;-65.167150147848;-67.6011260962408;-67.716529863051;-72.5769357185085
"131";"Monaco";NA;NA;NA;NA;NA;-30.5697385130805;NA;-27.0235524265907;-18.9640109993085;-9.41585950331097;-14.2862724732829;-13.9765407185995;-15.0433094081695;-16.6115711631237;-15.1011528173897;-15.7373897143874;-14.1817005735409;-17.8389271958883;-18.0544967279291;-8.55959313913958;-10.3595947659066;-18.9123273387504;-20.1607414252456;NA;NA;NA;NA;NA;NA;NA
"132";"Mongolia";NA;NA;NA;NA;NA;NA;NA;NA;NA;NA;NA;NA;NA;NA;NA;NA;NA;NA;NA;NA;NA;NA;NA;NA;NA;NA;NA;NA;NA;NA
"133";"Montenegro";2.59386216124246;NA;NA;NA;NA;-51.959157924082;NA;NA;NA;NA;NA;NA;-59.031545696428;NA;NA;NA;-22.1904246323677;-53.6642705012624;-38.1523839349283;-36.6128519387113;-28.7553988892884;-19.841523906313;-15.0057926176674;NA;NA;NA;NA;NA;NA;NA
"134";"Morocco";NA;NA;NA;NA;NA;NA;NA;NA;NA;NA;-45.6288274313593;NA;NA;NA;NA;NA;NA;NA;NA;NA;NA;NA;NA;NA;-4.5050906450977;-5.20848795440389;NA;NA;NA;NA
"135";"Mozambique";NA;NA;NA;NA;NA;NA;NA;NA;NA;NA;NA;NA;NA;NA;NA;NA;NA;NA;NA;NA;NA;NA;NA;NA;NA;NA;NA;NA;NA;NA
"136";"Myanmar";NA;NA;NA;NA;NA;NA;NA;NA;NA;NA;NA;NA;NA;NA;NA;NA;NA;NA;NA;NA;NA;NA;NA;NA;NA;NA;NA;NA;NA;NA
"137";"Namibia";NA;NA;NA;NA;NA;NA;NA;NA;NA;NA;NA;NA;NA;NA;NA;NA;NA;NA;NA;NA;NA;NA;NA;NA;NA;NA;NA;NA;NA;NA
"138";"Nauru";NA;NA;NA;NA;NA;NA;NA;NA;NA;NA;NA;NA;NA;NA;NA;NA;NA;NA;NA;NA;NA;NA;NA;NA;NA;NA;NA;NA;NA;NA
"139";"Nepal";NA;NA;NA;NA;NA;NA;NA;NA;NA;NA;NA;19.8711212325394;26.9308042420165;NA;NA;NA;NA;NA;NA;NA;NA;NA;NA;NA;NA;NA;NA;39.2582743496493;64.4571922969144;61.640166606341
"140";"Netherlands";-5.20966250404117;-3.56119340531153;NA;-11.7475248290103;-11.9876112283395;-7.83796375409191;-8.66483151343589;-13.1989934687906;-12.9986026920183;-13.7301135559415;-14.9583461399489;-12.936640997607;-12.8952272717886;-9.68554671193682;-10.2141504061628;-9.15938207316069;-8.02539621780018;-8.67927010055968;-7.31180791450802;-5.66482155350596;-1.01078631477327;-2.1156951313626;2.33773256899102;7.19081732303895;6.53170922975414;8.53282792490867;11.2911346469749;11.9680425047786;12.8101694390308;14.2338330496744
"141";"New Caledonia";NA;NA;NA;NA;NA;NA;NA;NA;NA;NA;NA;NA;NA;NA;NA;NA;NA;NA;NA;NA;NA;NA;NA;NA;NA;NA;NA;NA;NA;NA
"142";"New Zealand";49.422892254472;NA;NA;NA;NA;33.9087122480012;NA;NA;NA;NA;32.8484192291808;NA;-30.7192116858993;-30.7157188751809;-31.576746517575;NA;-30.048168451306;NA;NA;NA;-8.47463559534632;-6.80833642859921;-3.95358019801437;-9.27786683792187;-15.3829326819636;-22.8312096841257;-25.3421690723597;-25.2273791952682;-28.3292889874057;NA
"143";"Nicaragua";NA;NA;NA;NA;NA;NA;NA;NA;NA;NA;NA;NA;NA;NA;NA;NA;NA;NA;NA;NA;NA;NA;NA;NA;NA;NA;NA;NA;NA;NA
"144";"Niger";NA;NA;NA;NA;NA;NA;NA;NA;NA;-16.1504460728518;-25.0586179078562;-20.873279099296;-19.1868951204801;-18.2956663840825;-17.0823781384504;4.79555737498623;NA;NA;NA;NA;NA;NA;NA;NA;NA;NA;NA;NA;NA;NA
"145";"Nigeria";NA;NA;NA;NA;NA;NA;NA;NA;NA;NA;NA;NA;NA;NA;NA;NA;NA;NA;NA;NA;NA;NA;NA;NA;NA;NA;NA;NA;NA;NA
"146";"North Macedonia";NA;NA;NA;NA;NA;NA;NA;NA;NA;NA;NA;NA;NA;NA;NA;NA;NA;NA;0.993700028701044;-0.22232745516673;3.50418388771414;2.58279087760628;0.0393663439917512;-0.636672624754868;4.47152207687195;4.88775419892744;3.73526047861405;15.3303941230746;-2.91495623404689;NA
"147";"Northern Mariana Islands";NA;NA;NA;NA;NA;NA;NA;NA;NA;NA;NA;NA;NA;NA;NA;NA;NA;NA;NA;NA;NA;NA;NA;NA;NA;NA;NA;NA;NA;NA
"148";"Norway";-14.4244619746148;NA;-7.08072635930001;-4.55523085782989;-9.74263720627222;-22.2355923458488;-21.4030301397974;-18.3404782394628;-20.5956913392895;-12.7797391771108;-16.4921071960444;44.6891753661813;31.0610242009464;30.2781462599032;25.8829847241763;21.3543989419472;14.1757415226061;7.15907680699951;11.9753563806981;14.5829099365506;16.8000202755398;9.29717227790865;12.6035442300927;9.36009832061295;25.7359648202987;26.3045248676925;-27.638822609358;-26.4167659879243;-24.7909849842356;-27.6550785179157
"149";"Oman";NA;NA;NA;NA;NA;NA;NA;NA;NA;NA;NA;NA;NA;NA;NA;NA;NA;NA;NA;NA;NA;NA;NA;NA;NA;NA;300.456509437403;56.1273427663372;49.4229107231257;38.0681319266764
"150";"Pakistan";NA;NA;NA;NA;NA;NA;NA;NA;NA;NA;NA;NA;NA;NA;NA;NA;NA;NA;NA;NA;NA;NA;NA;NA;NA;NA;NA;NA;NA;NA
"151";"Palau";NA;NA;NA;NA;NA;NA;NA;NA;NA;NA;NA;NA;NA;NA;NA;NA;NA;NA;NA;NA;NA;NA;NA;NA;NA;NA;NA;NA;NA;NA
"152";"Panama";NA;NA;NA;NA;NA;NA;NA;NA;NA;NA;NA;NA;NA;NA;NA;NA;NA;NA;NA;NA;NA;NA;NA;NA;NA;NA;NA;NA;NA;NA
"153";"Papua New Guinea";NA;NA;NA;NA;NA;NA;NA;NA;NA;NA;NA;NA;NA;NA;NA;NA;NA;NA;NA;NA;NA;NA;NA;NA;NA;NA;NA;NA;NA;NA
"154";"Paraguay";NA;NA;NA;NA;NA;NA;NA;NA;NA;NA;NA;NA;NA;NA;NA;NA;NA;NA;NA;NA;NA;NA;NA;NA;NA;NA;NA;NA;NA;NA
"155";"Peru";NA;NA;NA;NA;NA;NA;NA;NA;NA;NA;NA;-2.00208245114606;NA;NA;NA;NA;NA;NA;NA;NA;NA;NA;NA;NA;NA;NA;NA;16.3275184236496;7.48428367154049;13.7515014193207
"156";"Philippines";NA;NA;NA;NA;NA;NA;NA;NA;NA;NA;NA;NA;NA;NA;NA;NA;NA;38.3758425077164;26.8297445858867;20.7380132442522;NA;NA;NA;NA;NA;NA;NA;NA;NA;NA
"157";"Poland";40.8660901254348;47.1023152510242;47.2267762186365;47.9582434944092;42.2003565991499;43.6618867367472;38.3294574667061;31.0708751159644;33.3927917420124;27.4287521112763;25.1796263757029;39.0892425863769;46.3965962996501;55.6400541075336;59.2636065675812;28.1779607485412;29.7407019145635;29.1762626600324;30.2519487137669;30.479577283609;32.4752423904347;31.5284445600282;30.860453962438;38.7438276787982;51.1830880032246;43.8272750380546;33.8777069110627;30.3859923108615;24.919385028616;22.0927701621628
"158";"Portugal";NA;NA;19.1605263140186;4.49270596726843;-4.15129370983465;-4.61483119723893;1.85286392441778;-2.13043385426098;-5.16390472563902;-8.71148033405249;-9.79895142057837;-10.990260326076;-7.94819622103733;-9.92403274467361;-8.88670355310313;-10.5615291899838;-13.1287709272162;-14.011137942585;-21.9663720009875;-22.3035710713289;-21.9326631984014;-17.9668923125864;-11.7459213763937;-7.09432573404803;-11.3053702896923;-11.9974811264846;-13.0225026681952;-14.8314968293051;-17.7057357574884;-18.2425627562767
"159";"Puerto Rico";NA;NA;NA;NA;NA;NA;NA;NA;NA;NA;NA;NA;NA;NA;NA;NA;NA;NA;NA;NA;NA;NA;NA;NA;NA;NA;NA;NA;NA;NA
"160";"Qatar";NA;NA;NA;NA;NA;NA;NA;NA;NA;NA;NA;NA;NA;NA;NA;NA;NA;NA;-28.1453769624074;-25.0607685453434;-6.44491299827841;7.8246928248424;30.0340630796526;30.6052162732966;39.7296785792258;20.1239071769497;16.1189294534693;13.506302387782;NA;NA
"161";"Romania";NA;NA;NA;NA;NA;9.07068498110174;15.0847724681041;14.1980593668559;31.6913642314616;14.4444258401025;1.74763488968338;9.62369338303578;0.401764232368599;9.45542405875315;10.4976221481036;0.47054533767732;-2.44699220535288;1.64628389687167;-3.22819771341283;1.08427052292559;23.207143395628;49.8325733451584;53.5438093261315;51.9633080352549;54.8643468254456;55.6744188095386;47.4623893320171;41.4684837182684;41.4209317820966;36.8565817368358
"162";"Russian Federation";-11.1786451517097;NA;NA;NA;NA;-12.9478911182974;NA;NA;NA;NA;-7.96413024303587;NA;NA;NA;NA;-14.3317983332874;NA;-19.8261928566489;NA;NA;NA;NA;NA;-39.6716928240315;NA;NA;NA;NA;NA;NA
"163";"Rwanda";NA;NA;NA;NA;NA;NA;NA;NA;NA;NA;NA;NA;NA;NA;NA;NA;NA;NA;NA;NA;NA;NA;NA;NA;NA;NA;NA;NA;NA;NA
"164";"Samoa";NA;NA;NA;NA;NA;NA;NA;NA;NA;NA;NA;NA;NA;NA;NA;NA;NA;NA;NA;NA;NA;NA;NA;50.7413806314755;-11.0947731593249;56.8552703712942;-42.325839879514;-49.7629906890966;NA;NA
"165";"San Marino";NA;NA;NA;NA;NA;NA;NA;NA;NA;NA;NA;NA;NA;NA;NA;NA;NA;NA;NA;NA;NA;NA;NA;NA;NA;NA;NA;NA;NA;NA
"166";"Sao Tome and Principe";NA;NA;NA;NA;NA;NA;NA;NA;NA;NA;NA;NA;NA;NA;NA;NA;NA;NA;NA;NA;NA;NA;NA;NA;NA;NA;NA;NA;NA;NA
"167";"Saudi Arabia";NA;NA;NA;NA;NA;NA;NA;NA;NA;NA;NA;NA;NA;NA;NA;NA;NA;NA;NA;NA;NA;NA;NA;NA;NA;NA;NA;NA;NA;NA
"168";"Senegal";NA;NA;NA;NA;NA;-37.101415736871;NA;NA;NA;NA;-32.3498077576103;NA;NA;NA;NA;-25.8022281503237;NA;NA;NA;NA;NA;NA;NA;NA;NA;NA;NA;NA;NA;NA
"169";"Serbia";NA;NA;NA;NA;NA;NA;NA;NA;NA;12.9904280286956;NA;NA;NA;NA;NA;-12.4883382189107;140.434511332551;97.0890671598486;61.0144519384092;58.3616752441734;30.9927539045492;17.0230604535251;38.6433901373813;29.0189207817447;49.775760676534;78.6112482785509;NA;NA;NA;NA
"170";"Seychelles";NA;NA;NA;NA;NA;NA;NA;NA;NA;NA;NA;NA;NA;NA;NA;NA;NA;NA;NA;NA;NA;NA;NA;NA;NA;NA;NA;NA;NA;NA
"171";"Sierra Leone";NA;NA;NA;NA;NA;NA;NA;NA;NA;NA;NA;NA;NA;NA;NA;NA;NA;NA;NA;NA;NA;NA;NA;NA;NA;NA;NA;NA;NA;NA
"172";"Singapore";NA;NA;NA;NA;NA;NA;NA;NA;NA;NA;-7.61116155036469;-13.6087377991429;-10.9988567466459;-5.26572479892919;-1.70676596981256;-15.5820434282679;-15.3554317816387;-21.011919022999;-23.579294511685;-25.5686397266713;-33.1091628279057;-34.575492678085;-35.5877395253054;-37.4872639072471;-30.7035652680964;-29.1591801836946;-29.5784469024686;-28.531917008343;-28.11656729511;-22.6364470998242
"173";"Sint Maarten (Dutch part)";NA;NA;NA;NA;NA;NA;NA;NA;NA;NA;NA;NA;NA;NA;NA;NA;NA;NA;NA;NA;NA;NA;NA;NA;NA;NA;NA;NA;NA;NA
"174";"Slovak Republic";NA;NA;35.6487515560041;35.5821922631476;35.6609878233676;34.7580183653969;48.6991077049126;49.0827346458072;57.0355210197239;55.9605095163653;28.1786239232428;71.8893729777098;53.7674662289668;48.0076265483685;60.5217130248694;53.5784635801646;49.0072832790476;43.6895326643732;35.3808928509286;37.1778202819449;33.0638530590434;36.3965767796196;38.1301585015624;39.239243597163;31.8650841871485;28.734119198036;21.8889455762322;12.0849180537326;NA;NA
"175";"Slovenia";NA;NA;NA;NA;NA;-30.3053620114838;-28.6565333056852;-27.2534015240559;-26.7947025806098;-21.7817820513366;-15.6548674156981;-7.65432956755656;8.23363029836286;4.28035019083256;-10.2222012323689;-11.3087270500187;-14.9313006524484;-15.5509946558794;-17.5668512559585;-18.0070364711717;-11.9780419454836;3.58134416524214;18.7450104770944;4.73814023334941;-0.425318633990214;-4.20428325025179;-5.50568591404823;-8.35399262379756;-11.3075133500971;NA
"176";"Solomon Islands";NA;NA;NA;NA;NA;NA;NA;NA;NA;NA;NA;NA;NA;NA;NA;NA;NA;NA;NA;NA;NA;NA;NA;NA;NA;NA;NA;NA;NA;NA
"177";"Somalia";NA;NA;NA;NA;NA;NA;NA;NA;NA;NA;NA;NA;NA;NA;NA;NA;NA;NA;NA;NA;NA;NA;NA;NA;NA;NA;NA;NA;NA;NA
"178";"South Africa";NA;NA;NA;NA;NA;NA;NA;NA;NA;NA;NA;NA;NA;NA;NA;NA;NA;-65.0937153404762;NA;NA;NA;NA;NA;NA;NA;NA;NA;NA;NA;NA
"179";"South Sudan";NA;NA;NA;NA;NA;NA;NA;NA;NA;NA;NA;NA;NA;NA;NA;NA;NA;NA;NA;NA;NA;NA;NA;NA;NA;NA;NA;NA;NA;NA
"180";"Spain";NA;NA;NA;NA;NA;-6.30070497974299;-14.982586771773;-16.2982232163797;-16.0769586225359;-22.0859008041407;-23.1424247613856;-26.6296156823513;-24.5656183786928;-25.060171692684;-18.6827074115683;-18.2300825391904;-17.1487734683911;-15.0786014254113;-11.4344437237534;-11.4184482130983;-6.27981269848858;-1.78094985011267;1.49523261888433;3.10094152211338;4.56501552910829;3.77211168143359;4.63211830207604;3.12322085367686;3.03334670663447;3.89110680290145
"181";"Sri Lanka";NA;NA;NA;NA;NA;NA;NA;NA;NA;NA;NA;NA;NA;NA;-38.8843539966678;NA;NA;NA;NA;NA;NA;NA;NA;NA;NA;NA;-23.0878517330411;NA;NA;NA
"182";"St. Kitts and Nevis";NA;NA;NA;NA;NA;NA;NA;NA;NA;NA;NA;NA;NA;NA;NA;NA;NA;NA;NA;NA;NA;NA;NA;NA;NA;NA;NA;NA;NA;NA
"183";"St. Lucia";NA;NA;NA;NA;NA;NA;NA;NA;NA;NA;NA;NA;NA;NA;-6.52257860370479;-1.99040505394967;1.2251944167006;-3.21710588522822;2.47705628016113;-7.33666621968242;-6.08654805819923;3.11656673328681;0.587993225207463;-1.1237994781749;4.85639120328942;6.56821602601497;1.58313964259761;13.1471630310414;19.6963613305888;9.94243374071698
"184";"St. Martin (French part)";NA;NA;NA;NA;NA;NA;NA;NA;NA;NA;NA;NA;NA;NA;NA;NA;NA;NA;NA;NA;NA;NA;NA;NA;NA;NA;NA;NA;NA;NA
"185";"St. Vincent and the Grenadines";NA;NA;NA;NA;NA;NA;NA;NA;NA;NA;NA;NA;-6.68794374234549;NA;NA;NA;NA;NA;NA;NA;NA;NA;NA;NA;NA;NA;NA;NA;NA;NA
"186";"Sudan";NA;NA;NA;NA;NA;NA;NA;NA;NA;NA;NA;NA;69.7303751601285;31.4061543299734;17.9986424270504;9.50792114077984;-9.6047411437024;-19.4254474983683;-25.7163826828907;-45.2818111966243;NA;NA;NA;NA;NA;NA;NA;NA;NA;NA
"187";"Suriname";NA;NA;NA;NA;NA;NA;NA;NA;NA;NA;NA;NA;NA;NA;NA;NA;NA;NA;NA;NA;NA;NA;NA;NA;NA;NA;NA;NA;NA;NA
"188";"Sweden";NA;NA;NA;NA;38.675731273392;43.9351088297449;43.4494502177752;34.2181410030998;29.1012300190719;31.0161575247773;28.9464451342505;27.053992813797;20.68486412833;20.6588882632571;22.6706926417053;18.0702677431321;14.4428018446802;15.5662572158701;16.0115054262091;16.403336265152;28.0656975288976;24.7069233434405;24.4865352689942;22.2136370216517;25.9829796544032;24.3274164332545;27.0664442617175;25.8628058642465;31.4046432968767;26.8139918921704
"189";"Switzerland";-23.9480960614984;-23.9244087568086;-22.4390793655935;-23.1269109144594;-22.6784086541189;-23.4173953374018;-23.942601615422;-24.0183106042553;-24.9859226759527;-27.8086175782005;-30.3525076798874;-30.2487335441484;-32.1538635567557;-31.3803507925837;-30.7101552833129;-30.7147276976082;-34.9576712390608;-37.0135467998869;-37.5998047173467;-34.538247948581;-35.5876829659439;-34.6133661833643;-34.8091580405218;-35.849558756616;-38.5611671481664;-38.4734774408829;-36.9463252308386;-35.9821598694675;-36.0000861286812;-36.4321603441179
"190";"Syrian Arab Republic";NA;NA;NA;NA;NA;NA;NA;NA;NA;NA;NA;NA;NA;NA;NA;NA;NA;NA;NA;NA;NA;NA;NA;NA;NA;NA;NA;NA;NA;NA
"191";"Tajikistan";NA;NA;NA;NA;NA;NA;NA;NA;NA;NA;NA;NA;NA;NA;NA;NA;NA;NA;NA;NA;NA;NA;NA;NA;NA;NA;NA;NA;NA;NA
"192";"Tanzania";NA;NA;NA;NA;NA;NA;NA;NA;NA;NA;NA;NA;NA;NA;NA;NA;NA;NA;NA;NA;NA;NA;NA;NA;NA;NA;NA;NA;NA;NA
"193";"Thailand";NA;NA;NA;NA;NA;NA;NA;NA;NA;NA;NA;NA;NA;NA;NA;NA;NA;NA;NA;NA;NA;NA;NA;NA;-13.7027489048279;-14.7231893964107;-14.4638695815617;-17.484400708363;-20.5698935214982;-23.7351427764475
"194";"Timor-Leste";NA;NA;NA;NA;NA;NA;NA;NA;NA;NA;NA;NA;NA;NA;NA;NA;NA;NA;NA;NA;NA;NA;NA;NA;NA;NA;NA;NA;NA;NA
"195";"Togo";NA;NA;NA;NA;NA;NA;NA;NA;NA;NA;NA;NA;NA;NA;NA;NA;NA;NA;NA;NA;-5.12550217061454;7.64989338372003;3.65088456604851;NA;NA;NA;NA;NA;NA;NA
"196";"Tonga";NA;NA;NA;NA;NA;NA;NA;NA;NA;NA;NA;NA;NA;NA;NA;NA;NA;NA;NA;NA;NA;NA;NA;NA;NA;NA;NA;NA;NA;NA
"197";"Trinidad and Tobago";118.887872994637;NA;NA;NA;NA;102.62406330717;100.204990755253;77.5144928688023;68.5734540484747;68.2024267822579;28.3830266059725;56.0549318583965;42.5474380626814;NA;NA;NA;NA;NA;NA;NA;NA;NA;NA;NA;NA;NA;NA;NA;NA;NA
"198";"Tunisia";NA;NA;NA;NA;NA;NA;NA;NA;NA;NA;39.086525268065;36.3281997186858;29.7733601513346;24.7304629389014;NA;NA;NA;NA;NA;NA;NA;NA;NA;NA;NA;NA;NA;NA;NA;NA
"199";"Turkiye";NA;-11.6052004333288;NA;NA;-18.7818892074426;-18.3726871721218;-29.106965048285;-35.5961897792363;NA;-28.2505921629904;-23.7854724835095;-31.5904983788222;-28.1231290648819;-25.3853959916771;-19.5879582188671;-16.4084754542735;-17.3569670308615;-18.5503776942919;-12.5370943589969;-20.9128513802945;-19.3077785078882;-22.663597825806;-22.2445446251764;-22.7160918301919;-24.467242184247;-22.8105149792126;-26.1310597959698;-25.2861738507463;-26.8194772908977;-27.140511428582
"200";"Turkmenistan";NA;NA;NA;NA;NA;NA;NA;NA;NA;NA;NA;NA;NA;NA;NA;NA;NA;NA;NA;NA;NA;NA;NA;NA;NA;NA;NA;NA;NA;NA
"201";"Turks and Caicos Islands";NA;NA;NA;NA;NA;NA;NA;NA;NA;NA;NA;NA;NA;NA;NA;NA;NA;NA;NA;NA;NA;NA;NA;NA;NA;NA;NA;NA;NA;NA
"202";"Tuvalu";NA;NA;NA;NA;NA;NA;NA;NA;NA;NA;NA;NA;NA;NA;NA;NA;NA;NA;NA;NA;NA;NA;NA;NA;NA;NA;NA;NA;NA;NA
"203";"Uganda";NA;NA;NA;NA;NA;NA;NA;NA;NA;NA;NA;NA;NA;NA;NA;NA;196.808058598028;NA;NA;NA;NA;NA;NA;NA;NA;NA;160.105849041722;170.44162308447;NA;NA
"204";"Ukraine";NA;NA;NA;NA;NA;518.077026043726;NA;NA;NA;417.733967781721;172.257956539498;85.4632100366352;57.7076275082109;81.5768851019593;78.3804651926388;76.2602833354439;91.8046799399174;-31.447125512463;-26.3066661251818;-21.042772131141;-19.5117312508551;-21.397916497618;-40.4254513129952;-42.9743084183574;-32.7807717964974;-44.2158890350831;-46.054300086293;-40.5792755438723;-40.593355603155;-36.23500348305
"205";"United Arab Emirates";NA;NA;NA;NA;NA;NA;NA;NA;NA;NA;NA;NA;NA;NA;NA;NA;NA;NA;NA;NA;NA;-2.77573115980632;0.190549628631791;-10.7573139961532;1.77655347444973;-12.0869929689954;2.61224958393683;0.507456100625653;-1.82885662232445;-3.67630047274498
"206";"United Kingdom";5.45364987119423;NA;NA;NA;NA;1.04274499044125;-0.701587430849374;-5.29091491213231;-6.79078968903578;-11.2029536210353;-12.4750893358357;-14.4143242153278;-15.1307098158174;-13.6917057028311;-15.9850861825853;-14.2796282195646;-13.6232615033481;-11.9867832745259;-8.09957935853956;-6.23614398209027;-3.1148754753546;-1.42810096003193;2.14312223041448;-2.38110553358418;0.19985883816798;0.27661670552733;2.29145797587861;6.00429075465321;7.32837854770062;8.36840158078792
"207";"United States";-24.5365779385844;-22.2613485117677;-23.4891278046075;-23.2569761275442;-23.1349862156449;-20.3183200462139;-18.7177769151832;-20.1356129723918;-20.4341964611005;-21.7209261625808;-23.1677183373331;-21.8592886611355;-22.4431586894613;-22.0772608325498;-23.4398780261952;-23.0367754426057;-22.9335466936065;-21.7772904645327;-20.2340851961632;-18.1894915248308;-19.8200074058629;-19.5999530940891;-19.2364424559465;-18.3892459997758;-19.476413884014;-20.143890167542;-20.6919188010037;-20.2262137495977;-26.1719119019537;NA
"208";"Uruguay";29.5808179717658;NA;NA;NA;NA;46.3720405258967;NA;NA;NA;NA;50.1976317069924;NA;NA;NA;NA;NA;NA;NA;NA;NA;NA;NA;NA;NA;NA;NA;NA;NA;NA;NA
"209";"Uzbekistan";NA;NA;NA;NA;NA;NA;NA;NA;NA;NA;NA;NA;NA;NA;NA;NA;NA;NA;NA;NA;NA;NA;NA;NA;NA;NA;NA;NA;NA;NA
"210";"Vanuatu";NA;NA;NA;NA;NA;NA;NA;NA;NA;NA;NA;NA;NA;NA;NA;NA;NA;NA;NA;NA;NA;NA;NA;NA;NA;NA;NA;NA;NA;NA
"211";"Venezuela, RB";NA;NA;NA;NA;NA;NA;NA;NA;NA;NA;NA;NA;NA;NA;NA;NA;85.4056295139863;68.7263200527967;100.968133828844;54.7451793500082;63.2453630732778;60.5020086474549;67.9324333999016;117.991374903937;111.719498424263;107.504585093158;142.945294236954;NA;NA;NA
"212";"Vietnam";NA;NA;NA;NA;NA;NA;NA;NA;NA;NA;NA;NA;NA;NA;NA;NA;NA;NA;NA;NA;NA;NA;NA;NA;NA;NA;NA;NA;NA;NA
"213";"Virgin Islands (U.S.)";NA;NA;NA;NA;NA;NA;NA;NA;NA;NA;NA;NA;NA;NA;NA;NA;NA;NA;NA;NA;NA;NA;NA;NA;NA;NA;NA;NA;NA;NA
"214";"West Bank and Gaza";NA;NA;NA;NA;NA;NA;NA;NA;NA;NA;NA;-8.47524435709866;-8.33961017414696;-8.12679928457725;-5.63329494137041;-2.75390571450142;-1.9535450706756;-2.59906060532586;-5.86504699360707;-6.02601562160519;-7.03856839806193;-8.4859370633742;-10.282859276753;-10.674148191491;-11.6757411428967;-11.5376668465513;-12.1423202253789;-4.79148392784719;-12.0277822754881;-7.47881223136228
"215";"Yemen, Rep.";NA;NA;NA;NA;NA;NA;NA;NA;NA;NA;NA;NA;NA;NA;NA;NA;NA;NA;NA;NA;NA;NA;NA;NA;NA;NA;NA;NA;NA;NA
"216";"Zambia";NA;NA;NA;NA;NA;NA;NA;NA;NA;NA;-18.130696644999;NA;NA;NA;NA;-7.11996554141635;NA;NA;NA;NA;NA;NA;NA;NA;NA;NA;NA;NA;NA;NA
"217";"Zimbabwe";NA;NA;NA;NA;NA;NA;NA;NA;NA;NA;NA;NA;NA;NA;NA;NA;NA;NA;NA;NA;NA;NA;NA;NA;NA;NA;NA;NA;NA;NA
