"Country";"1990";"1991";"1992";"1993";"1994";"1995";"1996";"1997";"1998";"1999";"2000";"2001";"2002";"2003";"2004";"2005";"2006";"2007";"2008";"2009";"2010";"2011";"2012";"2013";"2014";"2015";"2016";"2017";"2018";"2019"
"1";"Afghanistan";NA;NA;NA;NA;NA;NA;NA;NA;NA;NA;NA;NA;NA;NA;NA;NA;NA;NA;NA;NA;NA;NA;NA;NA;NA;NA;NA;NA;NA;NA
"2";"Albania";NA;NA;NA;NA;NA;NA;NA;NA;NA;NA;NA;NA;NA;3.41225123454202;NA;-9.78621173065969;-0.052613243704336;5.99070126123809;4.6833163676773;-5.07268653961277;-6.00525844190892;NA;-9.03194774213368;NA;8.38489035988173;-3.3224360203441;4.52825813820991;5.90895241332639;-4.83550891505212;4.65667491655149
"3";"Algeria";NA;NA;NA;NA;NA;2.73785821285065;NA;NA;NA;NA;NA;NA;NA;-25.7714703344972;NA;NA;NA;NA;-17.6140389720119;NA;NA;NA;NA;NA;28.9710212860441;18.2791403678689;5.05318291260825;1.3356313180368;NA;NA
"4";"American Samoa";NA;NA;NA;NA;NA;NA;NA;NA;NA;NA;NA;NA;NA;NA;NA;NA;NA;NA;NA;NA;NA;NA;NA;NA;NA;NA;NA;NA;NA;NA
"5";"Andorra";NA;NA;NA;NA;NA;NA;NA;NA;-0.42429135042711;-1.92475742059932;NA;7.76350828052457;-14.5544234070798;-12.7373908180875;-9.85278805622235;-4.7638194163924;-6.57732696382938;3.35558925518457;-2.92638646099567;-6.26084129360463;NA;-4.1553790422116;0.898203998131762;5.59589607096612;7.05652525946708;6.11534991474079;5.09455630825442;7.19264748649055;10.2571861948477;18.0156626930195
"6";"Angola";NA;NA;NA;NA;NA;NA;NA;NA;NA;NA;NA;NA;NA;NA;NA;NA;0.0167564161403322;NA;NA;NA;NA;NA;NA;NA;NA;NA;NA;NA;NA;NA
"7";"Antigua and Barbuda";NA;NA;NA;NA;NA;NA;NA;NA;NA;NA;NA;NA;NA;NA;NA;6.35942430633644;6.00881786200019;-4.88231633934898;-6.38247670159988;-7.8540707692791;-10.3508045455788;5.60736450179808;1.356935209361;-7.08964952004925;-8.88761573025362;33.0229967536673;34.0686250279439;-17.6144983415981;-13.7712015229718;1.98066326478968
"8";"Argentina";NA;NA;NA;NA;NA;NA;NA;NA;NA;NA;NA;NA;NA;NA;NA;NA;NA;NA;NA;NA;NA;NA;NA;NA;NA;NA;NA;NA;NA;NA
"9";"Armenia";-11.8962008787517;NA;NA;NA;NA;6.12634618796272;-6.58378834210125;1.62235690638878;3.48475146136366;17.4603395175542;31.6960952982529;18.1294872313519;-3.37250049345181;-17.5685558847692;-12.9758052546213;-8.5210974198705;-4.64599215396212;1.05283451332978;9.61673316319486;-0.154329380921067;13.2242195206044;8.91655936725527;7.01515392719216;-15.8266375870013;-16.5508531661886;-2.89569603590965;-3.37496082998991;-2.92477576682055;-0.296116059866963;-2.51275551130504
"10";"Aruba";NA;NA;NA;NA;NA;NA;NA;NA;NA;NA;NA;NA;NA;NA;NA;NA;NA;NA;NA;NA;NA;NA;NA;NA;NA;NA;NA;NA;NA;NA
"11";"Australia";-11.1492891733193;NA;-11.9144582348308;NA;NA;NA;NA;NA;NA;NA;-13.5524602343392;NA;NA;NA;NA;NA;NA;-0.923541176237754;-0.984368312771282;0.192731802346839;-0.739589737432002;3.26092315041776;5.05014626864534;-3.17751834705706;7.29824024817501;6.55998986475849;10.6112013650693;12.4657388437525;NA;NA
"12";"Austria";NA;NA;NA;NA;NA;NA;12.2849701956724;8.55422731129341;9.4348923444466;3.61152456907117;6.91185404946823;0.614707267646864;-4.43647326347976;-2.5224003965201;3.23690703640369;1.53429068822793;-2.92809281174133;-3.36244173135629;-5.0188457413239;-5.2659209926463;-2.30873567487576;-5.77736993328233;-6.8572618019332;-6.57852120678401;-1.86865970472011;0.651906095726317;0.6488807228058;0.258458961477395;-0.516740612640523;-0.931531209336085
"13";"Azerbaijan";NA;NA;NA;NA;NA;NA;NA;NA;NA;NA;16.728207232349;1.77568871415767;-22.142770434768;-17.9433405593131;-9.43923377390657;-8.05122668388555;-0.342935615908397;-3.86979544230303;10.7302217246912;5.50892042563762;6.21851145967352;-4.49253655869952;3.46882730744375;1.16215962794473;24.6848809396139;7.80650511115981;3.56313106764314;7.24517403229612;-1.14882163782409;-11.815053421739
"14";"Bahamas, The";NA;NA;NA;NA;NA;NA;NA;NA;NA;NA;NA;NA;NA;NA;16.5302329035806;-12.0890453211765;-2.45100297647337;NA;NA;NA;NA;NA;NA;NA;NA;NA;NA;NA;NA;NA
"15";"Bahrain";NA;NA;NA;NA;NA;NA;45.5486960746214;-10.2708182314171;-1.66431090299868;9.04633554350702;13.6796382135689;3.75261034273116;11.1001725132728;5.10426863704994;10.9309764118609;-5.11238522749992;-4.78496987756072;8.47468406498627;-18.1725814820218;-8.57552833733283;-4.79554649895517;3.29724743492747;5.46750066113345;-17.8292445792639;0.970741409654777;5.66166541262451;-1.80558473999023;-13.3039726643136;-23.9853064668316;3.88789315814087
"16";"Bangladesh";NA;NA;NA;NA;NA;NA;NA;NA;NA;NA;NA;NA;NA;NA;NA;6.66322288632792;NA;NA;NA;-5.76968757640964;NA;NA;NA;NA;3.42550740930589;NA;NA;NA;NA;NA
"17";"Barbados";NA;NA;NA;NA;NA;NA;NA;NA;NA;NA;NA;NA;NA;NA;NA;NA;NA;NA;NA;NA;NA;NA;NA;NA;NA;NA;NA;NA;NA;NA
"18";"Belarus";11.5601887442258;NA;NA;NA;NA;19.3534251005862;NA;NA;NA;NA;17.3928547491636;25.3739485836703;28.7146737431135;16.9970451491359;23.2325350409307;11.6791230527652;7.95049453984455;8.70968560969287;-0.429435543795547;-12.4546386476555;-15.8558062614923;-18.0906687528536;-14.3247427825381;-6.74038541489728;-3.79256221709518;-10.9661123269188;-12.927062198839;-13.5163336257565;-15.2071863003808;-17.9597875730757
"19";"Belgium";26.061377529682;NA;NA;NA;NA;-1.19513325905294;-0.388428254603955;-2.9493115297756;-1.32398862831507;-3.32315100113076;-7.17567701275837;-4.80186391955407;-7.21892563448707;-3.06619353846429;-6.7635831213679;-6.9723351504271;-6.49771214084139;-8.43108720720492;-5.86885771914809;-3.00233668137877;-1.32100480288787;-0.560851722838361;2.52980419750129;3.49880861637426;6.90197454952376;11.0288775657226;6.4658855247265;7.99137962411706;7.91317832094786;5.94592023373017
"20";"Belize";NA;NA;NA;NA;NA;NA;NA;1.77205435879655;NA;NA;-2.11926829686606;NA;NA;NA;NA;NA;NA;NA;NA;NA;NA;NA;NA;NA;NA;NA;NA;NA;NA;NA
"21";"Benin";NA;NA;NA;NA;NA;NA;NA;NA;NA;NA;NA;NA;NA;NA;NA;NA;NA;NA;NA;NA;NA;NA;NA;NA;NA;NA;NA;NA;NA;NA
"22";"Bermuda";NA;NA;NA;NA;NA;NA;NA;NA;NA;NA;NA;-4.31701045436943;-6.29969244586568;-9.07750029134966;-9.16583409097788;-2.09433278428711;-2.93818446216492;-3.55783995336058;-2.37530789395317;2.93566116508361;2.22918038375252;12.0747566492703;11.445273546328;7.93673739717106;7.60377527010793;9.8971311291547;0.0712428380980218;-7.582051094226;-6.1670375859472;1.11457579065766
"23";"Bhutan";NA;NA;NA;NA;NA;NA;NA;NA;NA;NA;NA;NA;NA;NA;NA;NA;NA;NA;NA;NA;NA;NA;-11.6666848935875;NA;NA;NA;NA;5.27276224703957;NA;8.1851887521627
"24";"Bolivia";NA;NA;NA;NA;NA;NA;NA;NA;NA;NA;NA;NA;NA;NA;NA;NA;NA;NA;NA;NA;NA;NA;NA;NA;NA;NA;NA;NA;NA;NA
"25";"Bosnia and Herzegovina";NA;NA;NA;NA;NA;NA;NA;NA;NA;NA;NA;NA;NA;NA;NA;NA;NA;NA;2.59819419655217;0.909379628853223;5.01324263213629;1.688935306636;-2.18912332653973;2.92123706328847;-3.237816596832;-0.861684748763639;-3.8562653359597;-2.65623251377002;-3.24265677880383;2.26433063963105
"26";"Botswana";NA;NA;NA;NA;NA;NA;NA;NA;NA;NA;NA;NA;NA;NA;NA;NA;NA;NA;NA;NA;NA;NA;NA;-0.106187999249426;NA;0.414313929836483;NA;-0.185100109477475;NA;NA
"27";"Brazil";NA;NA;NA;NA;NA;NA;NA;NA;NA;NA;6.25339318554094;NA;NA;NA;NA;-7.04510672715963;NA;NA;NA;NA;NA;NA;NA;1.40018175968799;NA;NA;NA;NA;NA;NA
"28";"British Virgin Islands";NA;NA;NA;NA;NA;NA;NA;NA;NA;-0.15625410256441;-10.1796440275035;-12.0773451420741;13.0077209911943;27.394276235399;-4.47404886477652;-9.62288993373906;NA;NA;NA;NA;NA;NA;NA;NA;NA;NA;NA;NA;NA;NA
"29";"Brunei Darussalam";NA;NA;NA;NA;NA;NA;NA;16.0630729039421;-18.9190363424757;NA;-1.2072708697038;-0.613982290497948;7.66215073651299;NA;NA;NA;NA;NA;NA;NA;NA;NA;NA;NA;NA;NA;NA;NA;NA;NA
"30";"Bulgaria";NA;NA;NA;NA;NA;-13.8346568002252;6.29615321836831;4.02444273961868;-0.265390125256863;-2.62695233854703;-9.48438913716543;-9.91066800842282;-13.8927721432497;-11.9987910499823;-13.5627543376013;-7.01114011048926;-0.370916204500735;6.00799265164945;-5.57350378604125;-16.7095618834911;-10.9882076515662;5.38914796375457;8.7095531232563;12.1419343788049;11.6812831778938;17.1783885859635;23.3715296325163;15.0758547285862;25.9025285461121;NA
"31";"Burkina Faso";NA;NA;NA;NA;NA;NA;1.67534043700043;-0.890806785886563;4.61273074070059;5.0196920553418;9.46466155055859;0.539394115138703;1.8472687698941;9.17931187869768;-10.3816645090703;-12.4530971942109;-9.87767412435907;-2.33035318936082;3.11877347253379;5.09189094324022;NA;NA;NA;NA;NA;NA;NA;NA;NA;NA
"32";"Burundi";NA;NA;NA;NA;NA;NA;NA;NA;NA;NA;NA;29.7373683097645;-21.8811762391056;-2.78602233680611;-13.7309958899686;2.22607319725467;-8.22312559380265;23.3963777775529;-17.6863629263325;-8.1731279677597;88.679847526683;NA;-2.99502160632534;NA;20.4283783586519;-48.8716512915121;-29.7886430726396;-23.5549874108934;81.7231422490622;35.5249323804179
"33";"Cabo Verde";NA;NA;NA;NA;NA;NA;NA;NA;NA;NA;NA;NA;NA;-2.61818912695363;-0.312954661148866;2.85394098148796;6.50513594850058;5.98847728178189;5.60121659483472;10.4494760473916;6.82876006160666;NA;-13.6492113721934;-10.4321487464608;NA;-10.774051538976;NA;NA;NA;NA
"34";"Cambodia";NA;NA;NA;NA;NA;NA;NA;NA;NA;NA;NA;NA;NA;NA;NA;NA;NA;NA;NA;8.7463235637586;2.68044059957231;1.64915727447351;-6.86088866525178;NA;NA;NA;NA;NA;NA;NA
"35";"Cameroon";NA;NA;NA;NA;NA;NA;NA;NA;NA;NA;NA;NA;NA;NA;NA;NA;23.8330508106085;31.804362696762;-18.5351048529009;-25.5617173764842;NA;NA;NA;NA;NA;NA;NA;NA;NA;NA
"36";"Canada";0.394057427421082;NA;NA;NA;NA;35.8913533092185;NA;NA;NA;NA;-11.6906051637288;NA;NA;NA;NA;NA;NA;-17.1131500194951;NA;NA;NA;NA;NA;NA;NA;NA;NA;NA;NA;NA
"37";"Cayman Islands";NA;NA;NA;NA;NA;NA;NA;NA;NA;NA;NA;NA;NA;NA;NA;NA;NA;NA;NA;NA;NA;NA;NA;NA;NA;NA;NA;NA;NA;NA
"38";"Central African Republic";NA;NA;NA;NA;NA;NA;NA;NA;NA;NA;NA;NA;NA;NA;NA;NA;NA;NA;NA;NA;NA;NA;NA;NA;NA;NA;NA;NA;NA;NA
"39";"Chad";NA;NA;NA;NA;NA;NA;NA;NA;NA;NA;NA;NA;NA;NA;NA;NA;NA;NA;NA;NA;NA;NA;NA;NA;NA;NA;NA;NA;NA;NA
"40";"Channel Islands";NA;NA;NA;NA;NA;NA;NA;NA;NA;NA;NA;NA;NA;NA;NA;NA;NA;NA;NA;NA;NA;NA;NA;NA;NA;NA;NA;NA;NA;NA
"41";"Chile";-2.19326148942884;NA;NA;NA;NA;-13.5718677336889;NA;NA;NA;NA;-15.5146348135634;-1.74422721520284;1.03649875622759;-0.598543468779595;7.00956554808518;-3.01830351442512;4.3328131757305;7.28308655944263;6.03377838894317;0.0230205168252186;2.62970344661214;6.71184897766071;NA;7.49663320510099;3.2008777277107;-0.825395548497239;3.84942569395598;-3.75980365748509;-2.30894181218603;NA
"42";"China";NA;NA;NA;NA;NA;-6.04991892902186;NA;NA;NA;NA;8.88641438580124;2.22559752279031;5.19309001850238;-3.18450973316998;-3.55866205934291;-0.824872776589139;0.0977199689218742;-6.96499642938869;-7.91131454149834;-3.41698949921872;9.32780765992135;14.7962496444552;13.3871779795112;10.6652714024668;3.96018344521397;-2.39215860691927;-8.8622145667117;-16.2062894316373;NA;NA
"43";"Colombia";NA;NA;NA;NA;NA;NA;NA;NA;NA;NA;NA;NA;NA;NA;14.2038524732732;-0.110800359798913;6.57581214289749;-3.42589387533012;0.583001458620853;-15.2132995785164;6.83082929760273;0.274519824436916;6.10107363052675;4.87123605091092;8.14736778243518;4.75329045338577;-6.7290717693295;-4.93723135301733;-16.5266509528948;NA
"44";"Comoros";NA;NA;NA;NA;NA;NA;NA;NA;NA;NA;NA;NA;NA;NA;NA;NA;NA;NA;NA;NA;NA;NA;NA;NA;NA;NA;NA;NA;NA;NA
"45";"Congo, Dem. Rep.";NA;NA;NA;NA;NA;NA;NA;NA;NA;NA;NA;NA;NA;NA;NA;NA;NA;NA;NA;NA;NA;NA;NA;NA;NA;NA;NA;NA;NA;NA
"46";"Congo, Rep.";NA;NA;NA;NA;NA;NA;NA;NA;NA;NA;NA;NA;NA;NA;NA;NA;NA;NA;NA;NA;NA;NA;NA;NA;NA;NA;NA;NA;NA;NA
"47";"Costa Rica";NA;NA;NA;NA;NA;NA;NA;NA;NA;NA;NA;NA;12.4297135272576;NA;NA;NA;NA;NA;NA;NA;-13.242416352003;-15.4001090241331;-12.3864711415437;-10.8692818651099;-10.0823457795682;-14.3271976304497;33.1726332445644;26.5605542196041;7.10038525825408;14.6120701371837
"48";"Cote d'Ivoire";NA;NA;NA;NA;NA;NA;NA;NA;NA;NA;NA;NA;NA;NA;NA;NA;NA;NA;NA;NA;NA;NA;NA;NA;NA;NA;NA;NA;NA;NA
"49";"Croatia";NA;NA;NA;NA;NA;NA;NA;NA;NA;NA;NA;NA;NA;NA;27.0482133957173;15.3978838280657;1.25073973644599;-0.266932026911535;-4.22779084905327;-4.91754101386654;0.922683235930032;-0.384745972900897;-5.2363391029701;-8.44007276808277;-5.89901548076133;0.41625074337941;-0.652521372203654;-1.55223014052432;-4.11120741547141;-4.83389844160167
"50";"Cuba";NA;NA;NA;NA;NA;NA;NA;NA;NA;4.00914434280463;0.589093695696493;-2.49881790791889;-4.86262434482262;-2.28257614718594;-0.0912432097987335;-4.31325186009711;2.30350292289188;2.95058479081133;-12.3284622875189;-0.218441134507093;-1.13274185557573;12.0192757666951;-9.21355462737834;-0.721645085818602;8.07145355837685;10.6306134839701;4.90936762581395;-1.53054969042604;-2.05118612736284;3.38549318265722
"51";"Curacao";NA;NA;NA;NA;NA;NA;NA;NA;NA;NA;NA;NA;NA;NA;NA;NA;NA;NA;NA;NA;-2.70792253531928;-3.73006408104757;-7.37358285213971;23.8487592796661;-9.42902587403342;-22.9608443142378;13.791372208418;18.6139318813656;NA;NA
"52";"Cyprus";NA;NA;NA;NA;NA;-5.85323169912394;-3.93716686843565;-5.08110824532465;-3.6738419652135;-3.71542406716618;-1.51545938387129;-3.70548536338625;-3.42759080167716;-2.1284255034379;-5.0913242007998;-3.41950752086538;-2.46328058823923;-1.55162483828494;-3.16145076737212;-4.10647739851546;-0.472293033649459;-0.166661963034218;-2.09842303445274;-4.82745205563409;0.320960513245746;13.0515582975512;11.7350696910817;13.7302040024993;10.3470531515316;9.60165650600313
"53";"Czechia";NA;NA;NA;NA;NA;0.218239147878521;-1.09702110240741;-4.33112262057545;4.89758726959036;-6.68742811862026;-8.17115348736152;11.8639452674928;9.81669396650569;8.89123654798762;9.0706160382016;4.75605965234184;1.96490766474069;3.48582886044507;1.03509276709913;-2.60652503645957;-4.64054287626919;-4.29408071946788;-1.36571662266653;-1.93019578980064;-2.10317098633523;-4.2041933701501;-10.5665013248629;NA;NA;NA
"54";"Denmark";NA;NA;NA;NA;27.9035133966405;31.6206519174207;10.8326760177594;16.785540571081;15.177322035636;8.6815532074155;11.1075185488856;2.83134599823336;2.21595115801913;1.97416426177638;-0.64963756662703;5.91941512883539;-4.27619979184831;-10.2179365460671;-13.3733011390855;-3.3494859079579;7.33959763624224;-13.4525338960427;-7.82268341000991;-1.07834663632512;-10.4853889423167;-13.7753829999843;-11.2592405134109;-10.368794105613;-9.8843182801223;-14.2595172390592
"55";"Djibouti";NA;NA;NA;NA;NA;NA;NA;NA;NA;NA;NA;NA;NA;NA;NA;NA;NA;NA;NA;NA;NA;NA;NA;NA;NA;NA;NA;NA;NA;NA
"56";"Dominica";NA;NA;NA;NA;NA;NA;NA;NA;NA;NA;NA;2.48652406498029;1.42549503880632;3.62417366173648;-3.34582029588778;-6.67944410726423;NA;NA;NA;NA;NA;NA;NA;NA;NA;NA;NA;NA;NA;NA
"57";"Dominican Republic";NA;NA;NA;NA;NA;NA;NA;NA;NA;NA;NA;NA;NA;NA;NA;NA;NA;NA;NA;NA;NA;NA;NA;NA;NA;NA;NA;NA;NA;NA
"58";"Ecuador";NA;NA;NA;NA;NA;NA;NA;NA;NA;NA;NA;NA;NA;NA;NA;NA;NA;NA;NA;NA;NA;-10.0526185318579;33.6933338817646;29.6217545288896;-3.77761531132275;-12.1385204926289;-12.3209522057002;-5.59270932220685;-9.2796799491461;NA
"59";"Egypt, Arab Rep.";NA;NA;NA;NA;NA;NA;NA;NA;NA;NA;NA;NA;NA;NA;NA;NA;NA;NA;17.064539983786;8.66742295568028;49.0084557600181;NA;-48.6764335526767;NA;NA;NA;NA;NA;NA;NA
"60";"El Salvador";NA;NA;NA;NA;NA;NA;NA;NA;NA;NA;NA;NA;NA;NA;NA;NA;NA;NA;NA;NA;NA;NA;NA;NA;NA;NA;NA;NA;NA;NA
"61";"Equatorial Guinea";NA;NA;NA;NA;NA;NA;NA;NA;NA;NA;NA;NA;NA;NA;NA;NA;NA;NA;NA;NA;NA;NA;NA;NA;NA;NA;NA;NA;NA;NA
"62";"Eritrea";NA;NA;NA;NA;NA;NA;NA;NA;NA;NA;NA;NA;NA;NA;NA;NA;NA;NA;NA;NA;NA;NA;NA;NA;NA;NA;NA;NA;NA;NA
"63";"Estonia";NA;NA;NA;NA;NA;-3.32589706866768;-10.1952807465897;-14.1134176410508;-8.52906436436279;-7.58473864327085;-15.8781988591052;3.30747765739111;-5.27919984774421;-8.25293076784957;-13.9970814907694;-11.3247749697286;-1.75297852184172;-12.3669371550436;1.09559288683888;16.1752798534212;27.8220838115585;30.0629365136376;NA;31.1999764823294;7.23501597356812;7.2390875821459;3.43345720263148;0.0346456672646329;-3.86842874564642;7.3015764409352
"64";"Eswatini";NA;NA;NA;NA;NA;NA;NA;NA;NA;NA;NA;NA;NA;NA;NA;NA;NA;NA;NA;NA;NA;NA;NA;NA;NA;NA;NA;NA;NA;NA
"65";"Ethiopia";NA;NA;NA;NA;NA;NA;NA;NA;NA;NA;NA;NA;NA;NA;NA;NA;NA;NA;NA;NA;NA;NA;NA;NA;NA;NA;NA;NA;NA;NA
"66";"Faroe Islands";NA;NA;NA;NA;NA;NA;NA;NA;NA;NA;NA;NA;NA;NA;NA;NA;NA;NA;NA;NA;NA;NA;NA;NA;NA;NA;NA;NA;NA;NA
"67";"Fiji";NA;NA;NA;NA;NA;NA;NA;NA;NA;NA;NA;NA;NA;NA;NA;NA;NA;NA;NA;NA;NA;NA;NA;NA;NA;NA;NA;NA;NA;NA
"68";"Finland";NA;NA;NA;NA;9.40119321988777;8.22490353663824;10.1813177068909;1.70108282661737;-2.17829391478216;-5.82097688252057;-9.14361387039814;-0.410359156824487;2.71493569428571;3.21181689624636;3.37489565150713;-1.9818061990004;-0.511317719551764;-2.15084683543915;-6.08485501817857;-0.735846882647624;5.09721268271054;-1.86386287955045;-2.74974375420689;0.495662847892069;3.27079554427169;-2.55479179781473;0.667836888593278;0.0927770300451295;-6.32112599408881;NA
"69";"France";NA;NA;NA;8.29179982166852;NA;11.1227244937095;6.44920535431518;4.57266764155846;2.36945010247884;2.57304087602636;3.1476435666226;-1.51148545048335;-1.87975221261276;3.56001297960185;1.078739840516;1.92281587879782;-1.63843806450969;-2.85009105684694;-2.92756542230334;-1.75954835466389;-2.29038675937925;-2.98004032045419;-1.47229577920012;0.278139065314857;-1.42981598677852;-0.873402742836422;-3.55743287321161;-4.85081654356342;-5.28556244560717;-8.99588323240637
"70";"French Polynesia";NA;NA;NA;NA;NA;NA;NA;NA;NA;NA;NA;NA;NA;NA;NA;NA;NA;NA;NA;NA;NA;2.66988815222185;-3.6671623362155;-8.95641708022672;11.1896105168848;NA;NA;NA;NA;NA
"71";"Gabon";NA;NA;NA;NA;NA;NA;NA;NA;NA;NA;NA;NA;NA;NA;NA;NA;NA;NA;NA;NA;NA;NA;NA;NA;NA;NA;NA;NA;NA;NA
"72";"Gambia, The";NA;NA;NA;NA;NA;NA;NA;NA;NA;NA;NA;NA;NA;NA;NA;NA;NA;NA;NA;NA;NA;NA;NA;NA;NA;NA;NA;NA;NA;NA
"73";"Georgia";NA;NA;NA;NA;NA;NA;NA;NA;NA;NA;NA;NA;NA;NA;NA;NA;NA;-2.28732931944676;-1.91838409599233;-3.26604537443191;NA;NA;NA;NA;NA;NA;8.09893269948214;NA;NA;NA
"74";"Germany";-6.97173538735302;NA;NA;NA;NA;-1.73322947901598;-4.84364441417836;-6.9268167763403;-5.04352708906974;-3.32400497647389;-2.89581559299145;-2.11334212276519;-2.20828576988018;4.64797577031673;6.78969385756732;12.057623364966;10.566091644084;7.26740173648571;5.42852031139823;4.71366469205411;3.049480852233;-1.90168409164695;-0.136618424825828;-0.267868670517892;-3.2631071207964;-2.54855572653805;-2.75055866955049;-2.47525102237809;-0.444403539644364;-1.60662503874724
"75";"Ghana";16.9539439582276;NA;NA;NA;NA;3.74814572769793;0.943749258349474;-1.75922355061221;0.294159782566785;-2.43024506431577;-0.878542984311174;-0.632630561347878;1.84124843468957;4.74840080762533;3.97184749761061;-10.9832690325195;0.281384228983497;-0.84768075222063;-3.04018543464917;-8.04816914251439;-9.37881854054759;-4.73886825504762;-3.70776427543425;7.78887332775792;5.88770898156808;-0.766443642489671;3.0345732036432;4.21346484805113;NA;NA
"76";"Gibraltar";NA;NA;NA;NA;NA;NA;NA;NA;NA;NA;NA;NA;NA;NA;NA;NA;NA;NA;NA;NA;NA;NA;NA;NA;NA;NA;NA;NA;NA;NA
"77";"Greece";19.0841572228408;NA;17.9088897088307;NA;NA;21.7771865742355;11.9974885834846;6.07552711313509;4.98279153575028;1.81973628976354;-1.43588280690267;0.119768774130184;0.639596687199367;2.14576589885733;3.6046031848985;2.38902753937817;4.09025294115084;4.37377126363536;3.33442835627472;-0.138245611418275;-15.1138141547927;-11.2628403758736;-11.5425047207899;-20.3052882571318;-15.7875069417049;-15.9305395511656;NA;NA;NA;NA
"78";"Greenland";NA;NA;NA;NA;NA;NA;NA;NA;NA;NA;NA;NA;NA;NA;NA;NA;NA;NA;NA;NA;NA;NA;NA;NA;NA;NA;NA;NA;NA;NA
"79";"Grenada";NA;NA;NA;NA;NA;NA;NA;NA;NA;NA;NA;NA;NA;NA;NA;NA;NA;NA;NA;NA;NA;NA;NA;NA;NA;NA;NA;NA;NA;NA
"80";"Guam";NA;NA;NA;NA;NA;NA;NA;NA;NA;NA;NA;NA;NA;NA;NA;NA;NA;NA;NA;NA;NA;NA;NA;NA;NA;NA;NA;NA;NA;NA
"81";"Guatemala";NA;NA;NA;NA;NA;NA;NA;NA;NA;NA;NA;NA;NA;NA;NA;NA;NA;NA;NA;NA;NA;NA;NA;NA;NA;NA;NA;NA;NA;NA
"82";"Guinea";NA;NA;NA;NA;NA;NA;NA;NA;NA;NA;NA;NA;NA;NA;NA;NA;NA;NA;NA;NA;NA;NA;NA;NA;NA;NA;NA;NA;NA;NA
"83";"Guinea-Bissau";NA;NA;NA;NA;NA;NA;NA;NA;NA;NA;NA;NA;NA;NA;NA;NA;NA;NA;NA;NA;NA;NA;NA;NA;NA;NA;NA;NA;NA;NA
"84";"Guyana";NA;NA;NA;NA;NA;NA;NA;NA;NA;NA;NA;NA;NA;NA;NA;NA;NA;NA;NA;NA;NA;NA;NA;NA;NA;NA;NA;NA;NA;NA
"85";"Haiti";NA;NA;NA;NA;NA;NA;NA;NA;NA;NA;NA;NA;NA;NA;NA;NA;NA;NA;NA;NA;NA;NA;NA;NA;NA;NA;NA;NA;NA;NA
"86";"Honduras";-0.35329577040984;NA;NA;NA;NA;NA;NA;NA;NA;NA;NA;NA;NA;NA;NA;NA;NA;NA;NA;NA;-15.9486242833721;NA;NA;20.0642880160126;NA;NA;NA;NA;NA;NA
"87";"Hong Kong SAR, China";1.13544364573294;NA;NA;NA;NA;-7.63062584361354;-1.73309327954701;-3.08450076212161;12.9657781639881;18.6859490912392;7.43502970321729;6.79273183997223;2.16706273558723;-3.78539711642926;-3.64381402562928;-8.34470862835439;-7.10774191343916;-2.441703961904;-7.22229472632399;-5.93669381469197;-15.9466490197992;-4.78314369718589;7.35827104102175;7.54053965562021;6.30873443581722;7.57230218735329;NA;NA;NA;NA
"88";"Hungary";-19.2745681161281;NA;NA;NA;NA;-6.89949871107603;-7.165066507846;-10.4718597659551;-9.46969606478215;-8.60628307119855;-1.38333477812061;-1.8293284582572;-3.26070853018201;-4.28226800907523;-2.60585510284125;-2.80874284951287;-4.45673913555397;-3.30196047185328;-3.97885863434835;-0.656319516109776;6.00758055273849;11.0520210520048;4.14530145941913;10.0597080753464;8.13056148968664;12.4164852764834;12.4484376538009;11.2143213396906;12.6994812195491;11.6129857496436
"89";"Iceland";NA;NA;NA;NA;NA;4.08096478205144;1.39922702006842;2.0691846121068;0.128077971071412;-0.994021440501533;0.658305383526806;-1.0393178150042;-1.17460970462265;-1.01362667028101;-3.54764852699337;-2.81657116126428;-2.64757976113503;-0.299909181935549;-17.8000502167625;29.1028157590612;10.7491299140345;6.2388167183481;4.53860235596205;51.3624974216749;0.984509417571763;-6.621115346335;-16.3803144815915;-15.4421947241623;-20.815101883032;NA
"90";"India";NA;NA;NA;NA;NA;NA;NA;NA;NA;NA;-7.65223950755884e-11;NA;NA;NA;NA;NA;NA;NA;NA;NA;NA;NA;NA;NA;NA;NA;NA;NA;NA;NA
"91";"Indonesia";NA;NA;NA;NA;NA;NA;NA;NA;NA;NA;NA;NA;NA;NA;NA;NA;NA;NA;NA;NA;NA;NA;NA;NA;NA;NA;NA;NA;NA;NA
"92";"Iran, Islamic Rep.";NA;NA;NA;NA;NA;NA;NA;NA;NA;NA;NA;NA;NA;NA;NA;NA;NA;NA;NA;NA;NA;NA;NA;NA;NA;NA;NA;NA;NA;NA
"93";"Iraq";NA;NA;NA;NA;NA;NA;NA;NA;NA;NA;NA;NA;NA;NA;NA;NA;NA;NA;NA;NA;NA;-11.7346000866325;0.980389057283517;8.42658128280165;13.6214705735478;0.97429712141434;4.27250140432476;-21.3914856011645;-2.88964400961065;14.0980496773915
"94";"Ireland";NA;NA;NA;NA;NA;9.14284730369473;12.6566632574807;10.0647359399246;9.43517981666206;6.09464639306796;2.14203745791038;-10.0024518928119;-8.3162800610705;-12.6611044615527;-13.4125299066595;-13.2703770278946;-16.5467515942667;-13.4984393826728;-6.47341029007628;0.718067821001112;3.51026353159504;1.88381008781272;6.16880622652296;3.71770863270698;8.59716345169858;NA;10.2101753239402;11.5919010408283;7.51660636404651;2.833060224304
"95";"Isle of Man";NA;NA;NA;NA;NA;NA;NA;NA;NA;NA;NA;NA;NA;NA;NA;NA;NA;NA;NA;NA;NA;NA;NA;NA;NA;NA;NA;NA;NA;NA
"96";"Israel";NA;NA;NA;NA;NA;NA;NA;NA;NA;-11.1336618055519;-6.27047908736214;4.32842805385534;-0.927430532033154;3.37135098352219;0.835696466231301;3.24235431179613;0.93361163967582;1.38632892543999;2.53389719104061;-0.434774537654772;2.36113576529435;0.978851811858184;2.01798761006725;3.05241618392105;-1.49923533170206;-2.12082453264602;NA;NA;NA;NA
"97";"Italy";NA;17.4891027547488;NA;4.97479233097193;NA;8.7802946062565;9.0066085157834;7.21434168635287;8.00554568734041;2.87467030271221;0.850490432999253;0.0453634099314574;-1.08148242420279;0.328541910711729;-1.93103364773928;-3.4568073452596;-5.50942786391955;-5.15364248619152;-4.87457223476884;-7.04715397624378;-6.80523848576857;-5.17675677031729;-3.10764862137515;-0.694876300744214;-4.37700563119894;-3.78612731504433;-1.00696024358785;0.818888923197332;-1.08339011194432;-1.88299036633311
"98";"Jamaica";NA;NA;NA;NA;NA;NA;NA;NA;NA;-8.72540576027183;NA;3.35732634681195;-5.37157365555074;-2.53647906633924;0.449617602252296;14.9846567139174;NA;NA;NA;NA;NA;NA;NA;NA;NA;NA;NA;NA;NA;NA
"99";"Japan";-2.34879380110165;-2.81546202922329;-2.65549252060175;-4.0643616845399;-3.97158356228898;-5.21619545745244;-5.45162992210838;-5.27255440369729;-5.56826245180405;-6.19183385506744;-8.82212850263121;-8.33845891371027;-8.08250030794662;-6.91450997808867;-2.38939162423252;2.75193593010237;4.71522507587783;3.94335775006693;4.62067077147841;2.97914821385709;3.85486987871299;4.48547189816481;5.82074552141686;5.53193509249491;7.94031813952099;9.12410689646385;8.97239714398997;9.29024082818467;8.72557547188067;NA
"100";"Jordan";NA;NA;NA;NA;NA;NA;NA;NA;NA;NA;NA;NA;NA;NA;NA;-10.8496364213588;-0.464500738476811;NA;NA;NA;9.58874763079129;13.3647284102043;-2.6403643447058;-3.05494780730275;6.89735420272924;-9.11649049386338;NA;NA;NA;NA
"101";"Kazakhstan";NA;NA;NA;NA;NA;NA;NA;NA;NA;NA;NA;NA;NA;NA;NA;NA;25.363866473192;-8.36448026496977;-0.726924725924864;-14.7550068264017;-11.5284588569009;-8.11460640464006;-3.68256884966454;1.71867397064067;1.73222350358395;5.8687259498189;16.8058963975079;4.84205782015385;-2.14449230564612;-2.19986080051249
"102";"Kenya";NA;NA;NA;NA;NA;NA;NA;NA;NA;NA;NA;NA;NA;NA;NA;NA;NA;NA;NA;NA;NA;NA;NA;12.9167729212511;-5.86702897561984;23.7374766282159;-14.7160715078983;-10.2165046946376;NA;NA
"103";"Kiribati";NA;NA;NA;NA;NA;NA;NA;NA;NA;NA;NA;NA;NA;NA;NA;NA;NA;NA;NA;NA;NA;NA;NA;NA;NA;NA;NA;NA;NA;NA
"104";"Korea, Dem. People's Rep.";NA;NA;NA;NA;NA;NA;NA;NA;NA;NA;NA;NA;NA;NA;NA;NA;NA;NA;NA;NA;NA;NA;NA;NA;NA;NA;NA;NA;NA;NA
"105";"Korea, Rep.";NA;NA;NA;NA;NA;-3.62476246365971;-7.81123109151857;-2.30300230998614;8.02657708755536;4.42877479849225;3.16117062890833;0.763590351784239;-2.15164388386386;-4.01632862347626;-2.87811973602085;-1.23293686243511;-0.45928093629784;-2.59234649097833;-4.12947755098468;-0.277482003074894;2.4082146513451;2.74480112840565;3.65838356442763;4.38038249930526;4.6758800089491;3.33898516871787;-1.31581830086797;-0.0153330852451547;-3.8429423499188;NA
"106";"Kosovo";NA;NA;NA;NA;NA;NA;NA;NA;NA;NA;NA;NA;NA;NA;NA;NA;NA;NA;NA;NA;NA;NA;NA;NA;NA;NA;NA;NA;NA;NA
"107";"Kuwait";NA;NA;NA;NA;NA;NA;NA;NA;NA;NA;5.90544627379894;-10.1974988899333;-13.0754422513403;14.6280126426114;17.1012785740838;21.2432051543451;-25.6913814156634;-10.3116980016122;-4.68832925527912;10.588596885756;6.13155360287997;-7.93225511011834;10.2522461744141;5.00832960147617;-8.73041418892869;12.6714729386441;5.48197723493176;-16.6866026900991;NA;NA
"108";"Kyrgyz Republic";NA;NA;NA;NA;NA;NA;NA;NA;NA;NA;NA;NA;NA;NA;NA;NA;NA;NA;NA;NA;NA;NA;NA;NA;NA;NA;NA;NA;NA;NA
"109";"Lao PDR";NA;NA;NA;NA;NA;NA;NA;NA;NA;NA;NA;NA;NA;NA;NA;NA;NA;NA;NA;NA;NA;NA;NA;NA;NA;NA;NA;NA;NA;NA
"110";"Latvia";NA;NA;NA;NA;NA;11.4604758084257;12.7809539205433;17.0686045214987;20.261206794145;12.9026881618405;7.50359222181686;0.790861458415548;-9.8438979708021;7.47740999256786;5.64709294658396;6.15326167908747;2.3912631879824;-8.35602122571624;2.84808768640776;0.25343171681363;9.60623269179258;0.486779233617546;10.6867933566401;1.85355753674636;-2.08886496874169;-15.4917770283761;-16.8875331750801;-17.3859859412114;-17.3695776726229;-23.5112177422522
"111";"Lebanon";NA;NA;NA;NA;NA;NA;NA;NA;NA;NA;NA;3.1760391016333;NA;NA;7.49679091416171;NA;NA;NA;NA;-2.46309973019483;NA;NA;-9.64456797409208;NA;NA;NA;NA;NA;NA;NA
"112";"Lesotho";NA;NA;NA;NA;NA;NA;NA;NA;NA;NA;NA;NA;NA;NA;NA;NA;NA;NA;NA;NA;NA;NA;NA;NA;NA;NA;NA;NA;NA;NA
"113";"Liberia";NA;NA;NA;NA;NA;NA;NA;NA;NA;NA;NA;NA;NA;NA;NA;NA;NA;NA;NA;NA;NA;NA;NA;NA;NA;NA;NA;NA;NA;NA
"114";"Libya";NA;NA;NA;NA;NA;NA;NA;NA;NA;NA;NA;NA;NA;NA;NA;NA;NA;NA;NA;NA;NA;NA;NA;NA;NA;NA;NA;NA;NA;NA
"115";"Liechtenstein";-7.23481623845457;NA;NA;NA;NA;10.8275457769647;10.8079900735736;11.6050052652101;13.9658861163973;-4.57810819686179;-13.0463521030103;-8.32369108671854;-8.04599717506414;-7.77428462858942;-5.23823272131745;-13.1185842919343;-9.94491069032026;-14.4734523972197;-9.11629491359539;-0.166179360109661;6.12299708933234;-4.29706483198814;0.676702977672123;8.63222497212941;11.9545795515474;9.80635534269924;9.28175103135566;6.06482231558808;16.0656673236483;8.5966983247323
"116";"Lithuania";NA;NA;NA;NA;NA;-11.7601838017077;-3.5684664734649;-8.88948839328118;-10.7801663457231;8.66903874448987;1.57053029380143;3.85564324684591;0.492316996550977;7.69936712027392;15.8880353901441;12.0908256812874;7.57380166168149;10.1224101884894;8.77053485292828;16.4808243494769;4.52782662864602;-2.70948504086513;-2.69854728207505;-1.43724535520019;-1.15328066057432;-6.05179528108698;-5.90817966480928;-8.88127094458306;-11.2981211135345;-13.4362132905284
"117";"Luxembourg";2.05917334021184;4.24545838218219;16.9369417734071;14.6008382750283;20.7129445681581;4.40687356588492;4.30385621656628;0.284107991555398;-4.19503943794495;-5.39698199688831;-4.90844013480077;-1.95843503554459;-1.29380666361652;-3.21088191513844;-4.81952932271443;-2.7332641071877;-4.15807400685398;-4.64711265023484;-5.55846957254599;-2.28938207170013;-4.76743033442081;-3.71921343803698;-2.74375300536944;-5.39901512971552;-1.36020006194738;-0.993346777509311;0.780785558020459;1.33319934174434;NA;NA
"118";"Macao SAR, China";NA;NA;NA;NA;NA;2.26361036202458;-2.00333828005157;-7.07006692291503;-4.21182408474226;-1.20515633228167;-1.13634675799865;0.835034466623542;0.382610882220583;3.22907072988053;4.52376302826306;0.789639424157076;0.678249498757169;4.70212566750053;4.64362392446146;-5.64413199108556;4.0525262172268;3.54927434985905;-4.83019508604248;NA;NA;NA;NA;NA;NA;NA
"119";"Madagascar";NA;NA;NA;NA;NA;NA;NA;NA;NA;NA;NA;NA;NA;NA;NA;NA;NA;NA;NA;NA;NA;NA;NA;NA;NA;NA;NA;NA;NA;NA
"120";"Malawi";NA;NA;NA;NA;NA;NA;NA;NA;NA;NA;NA;NA;NA;NA;NA;NA;NA;NA;NA;NA;NA;NA;NA;NA;NA;NA;NA;NA;NA;NA
"121";"Malaysia";NA;NA;NA;NA;NA;NA;NA;NA;NA;NA;8.75273861297322;-0.597002135420248;-4.56716428322956;-7.6222058935613;-6.3796227963294;-2.13379622032192;-3.99013345244563;6.99328872983672;13.0992867316374;-0.744669835871395;-1.29166232084729;-3.68898009414323;-11.7086440556406;-2.35366342967158;-0.212308453484699;3.93935813584491;8.50828474998888;13.2310083251395;NA;NA
"122";"Maldives";0.492831326802263;NA;NA;NA;NA;-1.12681624804908;NA;NA;NA;-5.34826464243496;3.09374163359809;76.8506038142401;-47.2945680894613;-1.28827089409397;8.93463952771256;36.7163462429373;-19.05515985304;-6.19199742483046;-4.18551646180143;-4.27656473889165;4.33578448040237;19.9374562354374;30.4404677070406;-31.7234960097802;-3.13135277424182;NA;NA;NA;NA;NA
"123";"Mali";NA;NA;NA;NA;NA;NA;NA;NA;NA;NA;NA;NA;NA;NA;NA;NA;NA;NA;NA;NA;NA;NA;NA;NA;NA;NA;NA;NA;NA;NA
"124";"Malta";NA;NA;NA;NA;NA;17.7354301265681;10.4694866528878;9.62229731493327;0.484312250711765;6.41151901471848;-10.6297729231714;-1.38553208454459;-2.44082074519439;-1.32529843289802;-7.0535753602704;-2.09874452032713;-8.4708147140092;-8.04285879788707;-8.22456309238301;-10.2471363093464;1.21293284405932;2.11687527835139;6.83566408812128;1.75809717835237;-2.01202541054056;3.7944759878467;4.08928258487909;1.55859240326109;1.95544297098018;-0.696130282267366
"125";"Marshall Islands";NA;NA;NA;NA;NA;NA;NA;NA;NA;NA;NA;NA;NA;NA;NA;NA;NA;-0.378961530342208;NA;NA;NA;NA;NA;NA;NA;NA;NA;NA;NA;NA
"126";"Mauritania";NA;NA;NA;NA;NA;NA;NA;NA;NA;NA;NA;NA;NA;NA;NA;NA;NA;NA;NA;NA;NA;NA;NA;NA;NA;NA;NA;NA;NA;NA
"127";"Mauritius";NA;NA;NA;NA;NA;NA;NA;NA;NA;NA;NA;4.71724981767576;-1.41071321467344;-3.02996613787706;-2.51846280892799;0.663161042685608;-1.75238198910789;5.31487514024098;2.05920866528754;-5.02320776663193;-3.92739896766292;-1.41810553209538;1.44079371647214;-1.05039354108393;0.998439534126464;-3.28349045400508;1.96670662725508;4.93881810009464;NA;NA
"128";"Mexico";NA;NA;NA;-9.47745473136547;-7.31406272486472;6.42079518675463;2.06735977281372;6.48806286312437;-1.89323298474824;-3.65362122658573;-7.50788891420869;-3.99671787600018;-1.42369058918406;1.61230118937821;2.92173037867022;3.90871934543358;5.62723615092963;1.23607059403901;2.89224178320482;1.2349838705849;1.05148869180336;0.647427175099266;2.60694911046102;1.72536786415141;NA;NA;NA;NA;NA;NA
"129";"Micronesia, Fed. Sts.";NA;NA;NA;NA;NA;NA;NA;NA;NA;NA;NA;NA;NA;NA;NA;NA;NA;NA;NA;NA;NA;NA;NA;NA;NA;NA;NA;NA;NA;NA
"130";"Moldova";NA;NA;NA;NA;NA;-12.3679458867253;-11.5367108851319;-2.27429598950552;1.80438013869343;10.6999788274585;12.0258670636523;16.7302164144725;16.5757873079638;27.689978856953;26.508118202516;22.1840041586408;24.9538144586735;3.54668815783549;-1.37585746049558;-8.59061555275818;-1.23576186686644;1.53305472322424;1.4396783216768;-9.1846477772886;-14.9415824879738;-4.82837476424267;-17.5604552772025;-21.3572076083088;-13.2011811487197;-10.495638745619
"131";"Monaco";NA;NA;NA;NA;NA;-14.2336645718749;NA;-8.60424259655809;-0.0363366735136586;12.7886428239141;6.26153341048783;3.88379467649563;1.88333420434386;2.27281912078351;1.70140001963949;1.53601781628664;1.26827744127842;-4.43119870887548;-4.29010340276923;10.0860321009278;4.81767013435277;-4.75448431236661;-5.68456036686385;NA;NA;NA;NA;NA;NA;NA
"132";"Mongolia";NA;NA;NA;NA;NA;NA;NA;NA;NA;NA;NA;NA;NA;NA;NA;NA;NA;NA;NA;NA;NA;NA;NA;NA;NA;NA;NA;NA;NA;NA
"133";"Montenegro";18.8033679446279;NA;NA;NA;NA;-26.0339509453414;NA;NA;NA;NA;NA;NA;-35.8880236425117;NA;NA;NA;19.1005860418354;-23.2404441364333;6.09724137949185;4.61775765818091;13.4010447895955;25.8370085961992;27.5101349872388;NA;NA;NA;NA;NA;NA;NA
"134";"Morocco";NA;NA;NA;NA;NA;NA;NA;NA;NA;NA;-20.5293783865769;NA;NA;NA;NA;NA;NA;NA;NA;NA;NA;NA;NA;NA;16.0165459329174;6.41378842605596;NA;NA;NA;NA
"135";"Mozambique";NA;NA;NA;NA;NA;NA;NA;NA;NA;NA;NA;NA;NA;NA;NA;NA;NA;NA;NA;NA;NA;NA;NA;NA;NA;NA;NA;NA;NA;NA
"136";"Myanmar";NA;NA;NA;NA;NA;NA;NA;NA;NA;NA;NA;NA;NA;NA;NA;NA;NA;NA;NA;NA;NA;NA;NA;NA;NA;NA;NA;NA;NA;NA
"137";"Namibia";NA;NA;NA;NA;NA;NA;NA;NA;NA;NA;NA;NA;NA;NA;NA;NA;NA;NA;NA;NA;NA;NA;NA;NA;NA;NA;NA;NA;NA;NA
"138";"Nauru";NA;NA;NA;NA;NA;NA;NA;NA;NA;NA;NA;NA;NA;NA;NA;NA;NA;NA;NA;NA;NA;NA;NA;NA;NA;NA;NA;NA;NA;NA
"139";"Nepal";NA;NA;NA;NA;NA;NA;NA;NA;NA;NA;NA;-1.74754392914634;2.97732885685581;NA;NA;NA;NA;NA;NA;NA;NA;NA;NA;NA;NA;NA;NA;-3.75548001802644;2.22285854902004;3.07243515035956
"140";"Netherlands";4.56588893005776;2.95476554725051;NA;-4.77853479511815;-2.77223376276566;2.08014315931976;2.96507821595001;1.20017922044491;2.55897202169931;1.56325177011435;-1.77194013212612;-2.92874601363132;-5.64230546098142;-5.06228902911651;-8.15757662982049;-8.46913426427412;-6.5283461958635;-5.94496829653961;-2.19677067135776;1.64306528399313;4.45372928152178;2.36092508366873;2.9613953021299;5.56995306055784;4.61496018047075;4.58829050792038;1.10185980884342;2.05190570805876;3.17331706737359;5.79163120172416
"141";"New Caledonia";NA;NA;NA;NA;NA;NA;NA;NA;NA;NA;NA;NA;NA;NA;NA;NA;NA;NA;NA;NA;NA;NA;NA;NA;NA;NA;NA;NA;NA;NA
"142";"New Zealand";64.4033431040928;NA;NA;NA;NA;49.3540674529612;NA;NA;NA;NA;43.603464875518;NA;-22.8359261431106;-20.1104028712418;-21.4794177752318;NA;-16.4946889268414;NA;NA;NA;6.35437941725044;8.17861595377934;8.08332068141879;2.78564468935706;-4.1624837251167;-10.6004099880775;-12.9299543881555;-12.531806224034;-16.1528397104182;NA
"143";"Nicaragua";NA;NA;NA;NA;NA;NA;NA;NA;NA;NA;NA;NA;NA;NA;NA;NA;NA;NA;NA;NA;NA;NA;NA;NA;NA;NA;NA;NA;NA;NA
"144";"Niger";NA;NA;NA;NA;NA;NA;NA;NA;NA;0.601067355034405;-3.41919642064232;-0.213747537144352;-0.409139984731478;-0.45213757775322;0.20220455664139;-0.166895779931127;NA;NA;NA;NA;NA;NA;NA;NA;NA;NA;NA;NA;NA;NA
"145";"Nigeria";NA;NA;NA;NA;NA;NA;NA;NA;NA;NA;NA;NA;NA;NA;NA;NA;NA;NA;NA;NA;NA;NA;NA;NA;NA;NA;NA;NA;NA;NA
"146";"North Macedonia";NA;NA;NA;NA;NA;NA;NA;NA;NA;NA;NA;NA;NA;NA;NA;NA;NA;NA;-4.01797219683324;-7.48764683580966;-3.66333033734749;4.5555361710572;-1.9815815035904;-4.77332368609211;-0.946956911163914;0.888292478897713;0.834488891109633;17.9273210812121;-4.49738876487862;NA
"147";"Northern Mariana Islands";NA;NA;NA;NA;NA;NA;NA;NA;NA;NA;NA;NA;NA;NA;NA;NA;NA;NA;NA;NA;NA;NA;NA;NA;NA;NA;NA;NA;NA;NA
"148";"Norway";-11.6652785072332;NA;-4.72344805550632;-3.37496275907645;-6.87588112508828;-20.0043312826879;-17.5277014958814;-15.976431526675;-19.247397444834;-12.1181178454105;-16.430232305378;43.5921329902874;32.5752092993334;30.6426350035266;27.7300315623824;24.0850355762134;16.8388365154158;9.27046030789007;12.6865155732577;15.4430049902946;17.7909740343798;9.11251561686746;10.7538081161171;7.08680684597497;24.5088130687548;25.0180298638071;-29.0598799598579;-28.2967679270152;-27.1693694819553;-30.1225156707206
"149";"Oman";NA;NA;NA;NA;NA;NA;NA;NA;NA;NA;NA;NA;NA;NA;NA;NA;NA;NA;NA;NA;NA;NA;NA;NA;NA;NA;109.11294071826;-18.5874391789973;-20.4602591903954;-26.0343226079586
"150";"Pakistan";NA;NA;NA;NA;NA;NA;NA;NA;NA;NA;NA;NA;NA;NA;NA;NA;NA;NA;NA;NA;NA;NA;NA;NA;NA;NA;NA;NA;NA;NA
"151";"Palau";NA;NA;NA;NA;NA;NA;NA;NA;NA;NA;NA;NA;NA;NA;NA;NA;NA;NA;NA;NA;NA;NA;NA;NA;NA;NA;NA;NA;NA;NA
"152";"Panama";NA;NA;NA;NA;NA;NA;NA;NA;NA;NA;NA;NA;NA;NA;NA;NA;NA;NA;NA;NA;NA;NA;NA;NA;NA;NA;NA;NA;NA;NA
"153";"Papua New Guinea";NA;NA;NA;NA;NA;NA;NA;NA;NA;NA;NA;NA;NA;NA;NA;NA;NA;NA;NA;NA;NA;NA;NA;NA;NA;NA;NA;NA;NA;NA
"154";"Paraguay";NA;NA;NA;NA;NA;NA;NA;NA;NA;NA;NA;NA;NA;NA;NA;NA;NA;NA;NA;NA;NA;NA;NA;NA;NA;NA;NA;NA;NA;NA
"155";"Peru";NA;NA;NA;NA;NA;NA;NA;NA;NA;NA;NA;-0.424269162480808;NA;NA;NA;NA;NA;NA;NA;NA;NA;NA;NA;NA;NA;NA;NA;5.27714587384333;-4.0870760321132;1.2507204471021
"156";"Philippines";NA;NA;NA;NA;NA;NA;NA;NA;NA;NA;NA;NA;NA;NA;NA;NA;NA;6.67938771983146;-3.58474521962517;-3.22494662456623;NA;NA;NA;NA;NA;NA;NA;NA;NA;NA
"157";"Poland";-7.44451571792047;-1.48296831458563;-0.669126241600847;0.519696003114637;-3.4723525522834;-2.61223134225159;-4.76542111113709;-8.59991867549287;-7.37154834003752;-10.5239610936603;-12.2904153202259;-1.38805961143678;4.89222103592284;14.4827483629716;18.5123646597928;-4.09059898081595;-1.47293950701345;-1.0032606315913;-0.198942015099179;-0.134451762067615;2.48617119721006;1.73169862077661;1.41669832184453;7.3675677566163;16.5439228134677;11.1857506630492;4.2123088745429;1.59827220148843;-3.06046967740952;-5.90808864240674
"158";"Portugal";NA;NA;8.1863260985567;5.76741967771069;4.90976229555348;9.82371433056221;13.7939810682172;6.78094635828825;0.973936377294733;-3.96495390258909;-8.16420013048496;-10.8551821939561;-5.20942202323827;-5.44486161217386;0.349885302795148;2.61213781442028;2.33337067870179;5.68569077776037;-2.43991741337928;-2.17643513161302;-3.13529898914315;0.337638316055873;4.22409498134579;7.9837322322629;0.633585750360252;-1.16641393655666;-1.49737765187451;-4.29443519175941;-9.16944493388925;-11.1202134814838
"159";"Puerto Rico";NA;NA;NA;NA;NA;NA;NA;NA;NA;NA;NA;NA;NA;NA;NA;NA;NA;NA;NA;NA;NA;NA;NA;NA;NA;NA;NA;NA;NA;NA
"160";"Qatar";NA;NA;NA;NA;NA;NA;NA;NA;NA;NA;NA;NA;NA;NA;NA;NA;NA;NA;-11.8557085308934;-7.85843294818416;0.445061564576127;2.83025451868226;5.50413213156812;3.98752636364588;10.8494863626741;2.26287092014012;-0.395398942127271;-4.52307632085046;NA;NA
"161";"Romania";NA;NA;NA;NA;NA;-4.20809279716316;4.11778243250186;3.14178267207135;14.4858986292454;-7.08406727734371;-16.1798950750853;-9.11947600536044;-15.9867365854667;-4.42861529824095;-4.0571287891683;-12.4416606665426;-12.8400117772808;-11.9939926599608;-15.8913747000339;-18.9708117696885;-1.4043983678975;21.6209580393479;23.2568587650587;15.8603847502289;18.2358620996553;18.9026096032739;13.5843024898504;7.87078488012081;8.92566409033018;5.14255118389055
"162";"Russian Federation";5.61973410986355;NA;NA;NA;NA;-3.14536880421511;NA;NA;NA;NA;9.69316102032759;NA;NA;NA;NA;2.23331699851831;NA;-4.05875020296912;NA;NA;NA;NA;NA;-11.3691361526724;NA;NA;NA;NA;NA;NA
"163";"Rwanda";NA;NA;NA;NA;NA;NA;NA;NA;NA;NA;NA;NA;NA;NA;NA;NA;NA;NA;NA;NA;NA;NA;NA;NA;NA;NA;NA;NA;NA;NA
"164";"Samoa";NA;NA;NA;NA;NA;NA;NA;NA;NA;NA;NA;NA;NA;NA;NA;NA;NA;NA;NA;NA;NA;NA;NA;57.0128265833184;-7.43075207313694;70.9311194725233;-35.6617241711145;-38.1730960357459;NA;NA
"165";"San Marino";NA;NA;NA;NA;NA;NA;NA;NA;NA;NA;NA;NA;NA;NA;NA;NA;NA;NA;NA;NA;NA;NA;NA;NA;NA;NA;NA;NA;NA;NA
"166";"Sao Tome and Principe";NA;NA;NA;NA;NA;NA;NA;NA;NA;NA;NA;NA;NA;NA;NA;NA;NA;NA;NA;NA;NA;NA;NA;NA;NA;NA;NA;NA;NA;NA
"167";"Saudi Arabia";NA;NA;NA;NA;NA;NA;NA;NA;NA;NA;NA;NA;NA;NA;NA;NA;NA;NA;NA;NA;NA;NA;NA;NA;NA;NA;NA;NA;NA;NA
"168";"Senegal";NA;NA;NA;NA;NA;-6.33107301885203;NA;NA;NA;NA;2.66871392931267;NA;NA;NA;NA;2.99906815353697;NA;NA;NA;NA;NA;NA;NA;NA;NA;NA;NA;NA;NA;NA
"169";"Serbia";NA;NA;NA;NA;NA;NA;NA;NA;NA;-22.0826683558348;NA;NA;NA;NA;NA;-35.0441597566351;71.6515093856835;42.109071328088;11.8604495681604;9.70271297231145;-9.60105893344038;-18.7833885617303;-7.59635867015984;-12.6158892054365;-5.93422413797663;19.6671059282179;NA;NA;NA;NA
"170";"Seychelles";NA;NA;NA;NA;NA;NA;NA;NA;NA;NA;NA;NA;NA;NA;NA;NA;NA;NA;NA;NA;NA;NA;NA;NA;NA;NA;NA;NA;NA;NA
"171";"Sierra Leone";NA;NA;NA;NA;NA;NA;NA;NA;NA;NA;NA;NA;NA;NA;NA;NA;NA;NA;NA;NA;NA;NA;NA;NA;NA;NA;NA;NA;NA;NA
"172";"Singapore";NA;NA;NA;NA;NA;NA;NA;NA;NA;NA;6.21576095690004;-1.33477184518763;4.7976923231567;4.44203401573399;8.70340701520376;5.37322314435214;3.44029180537555;3.48240592977923;0.972926685648228;5.52368921626105;0.585780204162647;-1.75942543300859;-3.09626103631661;-8.36012856769385;-4.63129274516536;-6.23732509267256;-7.19812022694576;-5.69080744564953;-5.40206279793992;1.82294500097917
"173";"Sint Maarten (Dutch part)";NA;NA;NA;NA;NA;NA;NA;NA;NA;NA;NA;NA;NA;NA;NA;NA;NA;NA;NA;NA;NA;NA;NA;NA;NA;NA;NA;NA;NA;NA
"174";"Slovak Republic";NA;NA;-11.2063864049388;-9.76461382138727;-7.97722992652623;-7.51730622698332;2.9198046406419;4.32434936789786;12.0572491258846;12.5747706864678;-6.76083683053502;22.0609764027981;9.00002908362374;5.44104195340533;14.6900637549829;8.45870719084282;5.36341895676612;4.11752840946111;-2.58822486932352;-0.0451008069097551;-3.73276539534272;-0.700671893743363;0.352907408695791;1.5666731992285;-5.49729685087237;-7.16474441377691;-11.3075312029559;-17.8462326382821;NA;NA
"175";"Slovenia";NA;NA;NA;NA;NA;-18.404111537829;-16.239234556033;-16.3683199361196;-14.52667694864;-8.81171814534099;-3.37627166553571;3.140579856378;22.6254713978122;21.1895562028862;3.81062086875658;1.86171971898961;-2.9895789196471;-5.09995096976885;-8.22506222418788;-5.54185682232489;-0.820297510981351;15.6992816419779;31.2080143158445;15.1921809811575;9.69388634069196;5.09181448509771;-2.33641688748178;-6.28328720249619;-9.48844620262965;NA
"176";"Solomon Islands";NA;NA;NA;NA;NA;NA;NA;NA;NA;NA;NA;NA;NA;NA;NA;NA;NA;NA;NA;NA;NA;NA;NA;NA;NA;NA;NA;NA;NA;NA
"177";"Somalia";NA;NA;NA;NA;NA;NA;NA;NA;NA;NA;NA;NA;NA;NA;NA;NA;NA;NA;NA;NA;NA;NA;NA;NA;NA;NA;NA;NA;NA;NA
"178";"South Africa";NA;NA;NA;NA;NA;NA;NA;NA;NA;NA;NA;NA;NA;NA;NA;NA;NA;-5.27033350629394e-06;NA;NA;NA;NA;NA;NA;NA;NA;NA;NA;NA;NA
"179";"South Sudan";NA;NA;NA;NA;NA;NA;NA;NA;NA;NA;NA;NA;NA;NA;NA;NA;NA;NA;NA;NA;NA;NA;NA;NA;NA;NA;NA;NA;NA;NA
"180";"Spain";NA;NA;NA;NA;NA;6.4086404376357;-4.63767142627176;-6.34052070816334;-4.5758225189784;-8.82161204696051;-8.00772516660097;-12.170037108478;-9.60450908449888;-11.4776771137726;-5.14592629379121;-5.08418086812888;-3.97492897990601;-1.81572569938595;1.6584998713561;-2.60635982479124;1.84494037380014;6.24246420337084;8.84961939550838;7.83946253072991;8.79186809279539;8.41604069056967;11.2328658346511;10.0251562377071;9.59516247444083;9.85966530345342
"181";"Sri Lanka";NA;NA;NA;NA;NA;NA;NA;NA;NA;NA;NA;NA;NA;NA;0.530720944488975;NA;NA;NA;NA;NA;NA;NA;NA;NA;NA;NA;-1.30608818024788;NA;NA;NA
"182";"St. Kitts and Nevis";NA;NA;NA;NA;NA;NA;NA;NA;NA;NA;NA;NA;NA;NA;NA;NA;NA;NA;NA;NA;NA;NA;NA;NA;NA;NA;NA;NA;NA;NA
"183";"St. Lucia";NA;NA;NA;NA;NA;NA;NA;NA;NA;NA;NA;NA;NA;NA;-0.0330681527918616;-1.62556524894004;4.44103145924556;-2.74141046501948;-1.1385697880066;0.462789709728759;-0.75171992046738;9.66417306434031;5.21324965738869;-3.43694645670894;0.839557973965548;-4.02918427562861;-12.742924367212;-0.290364110318147;5.99975498576327;0.563530337184973
"184";"St. Martin (French part)";NA;NA;NA;NA;NA;NA;NA;NA;NA;NA;NA;NA;NA;NA;NA;NA;NA;NA;NA;NA;NA;NA;NA;NA;NA;NA;NA;NA;NA;NA
"185";"St. Vincent and the Grenadines";NA;NA;NA;NA;NA;NA;NA;NA;NA;NA;NA;NA;-0.100029750283635;NA;NA;NA;NA;NA;NA;NA;NA;NA;NA;NA;NA;NA;NA;NA;NA;NA
"186";"Sudan";NA;NA;NA;NA;NA;NA;NA;NA;NA;NA;NA;NA;22.7514807112917;-7.36527172003847;-8.0335361675055;4.14358454333014;-10.0208365136539;7.71121255905767;6.11669142071731;-14.1464487396873;NA;NA;NA;NA;NA;NA;NA;NA;NA;NA
"187";"Suriname";NA;NA;NA;NA;NA;NA;NA;NA;NA;NA;NA;NA;NA;NA;NA;NA;NA;NA;NA;NA;NA;NA;NA;NA;NA;NA;NA;NA;NA;NA
"188";"Sweden";NA;NA;NA;NA;4.87228229922512;9.2431069503697;9.41338342235714;1.97727265047566;-1.91895727837043;0.0944038907914423;0.0509257001149176;-3.25561775898587;-7.62162363079102;-5.52548805940011;-4.4753543573655;-7.25758158174248;-8.89669146572619;-7.80723589439967;-6.89878982866546;-1.57967025116924;3.032737597859;1.52008262791937;2.25186072673276;2.31758343697612;6.74515449187251;4.66576738462654;4.71706877673959;3.05024473211532;6.4003790288196;2.33427272514711
"189";"Switzerland";7.9865599743952;7.84647241224293;10.1940033311507;9.99851842049362;11.0281175862283;10.9483169326725;8.78296005359299;7.87859153414905;6.07179848113293;2.10740704853572;-1.14425825769814;-2.28802408746328;-3.26308013488315;-1.61019492839841;-0.269944052040499;0.266319900788116;-7.41006308193647;-7.30815586509662;-9.6583462318933;-4.87590346292287;-4.6899580039493;-1.32628493928847;-1.96171599776318;-4.85768183404868;-6.8589222819239;-6.82395190773219;-4.91781495437814;-3.14131103699002;-2.99310479177055;-3.24133324055023
"190";"Syrian Arab Republic";NA;NA;NA;NA;NA;NA;NA;NA;NA;NA;NA;NA;NA;NA;NA;NA;NA;NA;NA;NA;NA;NA;NA;NA;NA;NA;NA;NA;NA;NA
"191";"Tajikistan";NA;NA;NA;NA;NA;NA;NA;NA;NA;NA;NA;NA;NA;NA;NA;NA;NA;NA;NA;NA;NA;NA;NA;NA;NA;NA;NA;NA;NA;NA
"192";"Tanzania";NA;NA;NA;NA;NA;NA;NA;NA;NA;NA;NA;NA;NA;NA;NA;NA;NA;NA;NA;NA;NA;NA;NA;NA;NA;NA;NA;NA;NA;NA
"193";"Thailand";NA;NA;NA;NA;NA;NA;NA;NA;NA;NA;NA;NA;NA;NA;NA;NA;NA;NA;NA;NA;NA;NA;NA;NA;-4.686838565443;-2.52539769762829;1.53296201663539;2.68201972431112;3.66036740901818;0.0762832537135151
"194";"Timor-Leste";NA;NA;NA;NA;NA;NA;NA;NA;NA;NA;NA;NA;NA;NA;NA;NA;NA;NA;NA;NA;NA;NA;NA;NA;NA;NA;NA;NA;NA;NA
"195";"Togo";NA;NA;NA;NA;NA;NA;NA;NA;NA;NA;NA;NA;NA;NA;NA;NA;NA;NA;NA;NA;-3.84968485091234;3.20318262460673;4.2144228073611;NA;NA;NA;NA;NA;NA;NA
"196";"Tonga";NA;NA;NA;NA;NA;NA;NA;NA;NA;NA;NA;NA;NA;NA;NA;NA;NA;NA;NA;NA;NA;NA;NA;NA;NA;NA;NA;NA;NA;NA
"197";"Trinidad and Tobago";-9.6824212793677;NA;NA;NA;NA;-2.6808458863939;-1.93727545654272;-1.05788023509009;-0.275158224077905;8.3145589002078;-0.743564326716327;9.36032475122884;-0.674030521610033;NA;NA;NA;NA;NA;NA;NA;NA;NA;NA;NA;NA;NA;NA;NA;NA;NA
"198";"Tunisia";NA;NA;NA;NA;NA;NA;NA;NA;NA;NA;4.34125620901092;-0.296921576925321;-1.70646257763033;-1.84950714443848;NA;NA;NA;NA;NA;NA;NA;NA;NA;NA;NA;NA;NA;NA;NA;NA
"199";"Turkiye";NA;33.839933534712;NA;NA;9.88522356311185;4.34097655611346;-6.44096674238819;-13.7998726916972;NA;-8.94647414814837;-3.85519244517275;-11.9024012328082;-9.70593876251717;-6.59286050032994;0.583478284197588;2.65776282086921;3.34999051407713;2.00461463458587;7.10073492702401;1.12739247547899;2.50230391953003;-2.74153530780086;-2.68685130742066;-0.0310037582298352;0.0759113565144988;5.31446686603307;-0.943044876053389;-0.0976334806399336;3.11516619417214;4.85353352038952
"200";"Turkmenistan";NA;NA;NA;NA;NA;NA;NA;NA;NA;NA;NA;NA;NA;NA;NA;NA;NA;NA;NA;NA;NA;NA;NA;NA;NA;NA;NA;NA;NA;NA
"201";"Turks and Caicos Islands";NA;NA;NA;NA;NA;NA;NA;NA;NA;NA;NA;NA;NA;NA;NA;NA;NA;NA;NA;NA;NA;NA;NA;NA;NA;NA;NA;NA;NA;NA
"202";"Tuvalu";NA;NA;NA;NA;NA;NA;NA;NA;NA;NA;NA;NA;NA;NA;NA;NA;NA;NA;NA;NA;NA;NA;NA;NA;NA;NA;NA;NA;NA;NA
"203";"Uganda";NA;NA;NA;NA;NA;NA;NA;NA;NA;NA;NA;NA;NA;NA;NA;NA;0.869601945889755;NA;NA;NA;NA;NA;NA;NA;NA;NA;-3.13590025625716;4.58749468986531;NA;NA
"204";"Ukraine";NA;NA;NA;NA;NA;-13.1878127195152;NA;NA;NA;73.408596285534;15.4673809495107;-3.26763511434017;0.5891475617193;10.5271285477474;35.6151748127821;65.2764845018689;106.268156718228;-31.403180130005;-8.91644953550851;5.20429667961881;-1.05347890281712;-2.68504839857096;-27.0219737978061;-29.194801129589;-18.076327587449;-18.0718339087439;-21.9543476444559;-7.99321700991813;-8.86096547961518;2.09395275320872
"205";"United Arab Emirates";NA;NA;NA;NA;NA;NA;NA;NA;NA;NA;NA;NA;NA;NA;NA;NA;NA;NA;NA;NA;NA;-2.43976806125573;1.06319287698488;-9.59823089468015;3.74186802632773;-8.41236541227567;8.10689242309453;5.84925531102422;2.14263417179596;0.748011095309847
"206";"United Kingdom";12.4625955182238;NA;NA;NA;NA;5.22014407129358;2.74845710943413;-1.37474506891149;-2.76617062149076;-7.560746732272;-8.98405484954203;-11.0572255291298;-11.9970631043974;-10.1998565967916;-11.7756424263606;-10.0953614040076;-9.13947806129129;-6.83819688458025;-1.64260199974385;3.10900629038338;5.25208025872833;6.94977711846609;11.1169620859506;5.40159219918668;4.0959164529289;3.66087023945536;8.61775383379775;11.6857242365869;11.9249283308052;12.2704887328524
"207";"United States";-0.145684329358532;2.82726867538632;0.713435875584622;0.331291825261763;-0.214744397447429;2.83242721076189;4.28255395409839;2.08886274963021;1.26401523929265;-0.949035313194961;-3.35558986609112;-1.56976250401817;-2.34914742999624;-1.81000490649741;-3.51019999491992;-2.17029984116826;-2.66924322799331;-1.06835789243146;1.04990895424452;3.40364286689471;2.71026877093579;2.31094526851805;1.96936922772707;3.06600782696408;1.79879859706149;0.334889810142473;-0.235857093006882;-0.0491576820761955;-7.42759426449067;NA
"208";"Uruguay";0.263722664708487;NA;NA;NA;NA;0.746129731766486;NA;NA;NA;NA;-0.783331462542347;NA;NA;NA;NA;NA;NA;NA;NA;NA;NA;NA;NA;NA;NA;NA;NA;NA;NA;NA
"209";"Uzbekistan";NA;NA;NA;NA;NA;NA;NA;NA;NA;NA;NA;NA;NA;NA;NA;NA;NA;NA;NA;NA;NA;NA;NA;NA;NA;NA;NA;NA;NA;NA
"210";"Vanuatu";NA;NA;NA;NA;NA;NA;NA;NA;NA;NA;NA;NA;NA;NA;NA;NA;NA;NA;NA;NA;NA;NA;NA;NA;NA;NA;NA;NA;NA;NA
"211";"Venezuela, RB";NA;NA;NA;NA;NA;NA;NA;NA;NA;NA;NA;NA;NA;NA;NA;NA;5.46334310631857;0.785740516073008;11.0530738890476;-13.53880992375;-11.0353286542201;-9.39002028304343;-12.3327436550041;14.0057925348551;4.08996079616128;2.82785456150477;16.4247773126797;NA;NA;NA
"212";"Vietnam";NA;NA;NA;NA;NA;NA;NA;NA;NA;NA;NA;NA;NA;NA;NA;NA;NA;NA;NA;NA;NA;NA;NA;NA;NA;NA;NA;NA;NA;NA
"213";"Virgin Islands (U.S.)";NA;NA;NA;NA;NA;NA;NA;NA;NA;NA;NA;NA;NA;NA;NA;NA;NA;NA;NA;NA;NA;NA;NA;NA;NA;NA;NA;NA;NA;NA
"214";"West Bank and Gaza";NA;NA;NA;NA;NA;NA;NA;NA;NA;NA;NA;-2.48780085612262;-2.27891829685609;-2.26178142842504;-2.05484761564353;-2.1931007106927;-1.90191465361808;-0.567641727378009;-0.525428527469528;1.09369423282852;0.524786544286871;-0.124144138939091;-0.535686353346615;-0.69547824458622;-0.748695352674885;0.737922333319781;0.632375259235499;9.13623512490075;-0.0933376375856037;7.27032635536458
"215";"Yemen, Rep.";NA;NA;NA;NA;NA;NA;NA;NA;NA;NA;NA;NA;NA;NA;NA;NA;NA;NA;NA;NA;NA;NA;NA;NA;NA;NA;NA;NA;NA;NA
"216";"Zambia";NA;NA;NA;NA;NA;NA;NA;NA;NA;NA;-3.6814097344812;NA;NA;NA;NA;2.23623837393042;NA;NA;NA;NA;NA;NA;NA;NA;NA;NA;NA;NA;NA;NA
"217";"Zimbabwe";NA;NA;NA;NA;NA;NA;NA;NA;NA;NA;NA;NA;NA;NA;NA;NA;NA;NA;NA;NA;NA;NA;NA;NA;NA;NA;NA;NA;NA;NA
