"Country";"1990";"1991";"1992";"1993";"1994";"1995";"1996";"1997";"1998";"1999";"2000";"2001";"2002";"2003";"2004";"2005";"2006";"2007";"2008";"2009";"2010";"2011";"2012";"2013";"2014";"2015";"2016";"2017";"2018";"2019"
"1";"Afghanistan";NA;NA;NA;NA;NA;NA;NA;NA;NA;NA;NA;NA;NA;NA;NA;NA;NA;NA;NA;NA;NA;NA;NA;NA;NA;NA;NA;NA;NA;NA
"2";"Albania";NA;NA;NA;NA;NA;NA;NA;NA;NA;NA;NA;NA;NA;-8.04230932460937;NA;-23.5220238503247;-20.6539500957707;-22.6172734647377;-20.6293405352881;-26.0253277528197;-30.1228011331425;NA;-33.4488975447025;NA;-18.8235005791492;-28.5004434828761;-22.3535575266565;-19.6216337155536;-24.0514565477942;-7.31773142430635
"3";"Algeria";NA;NA;NA;NA;NA;-11.1433808010443;NA;NA;NA;NA;NA;NA;NA;-37.8753279067676;NA;NA;NA;NA;-26.3084289581051;NA;NA;NA;NA;NA;69.5964443455694;65.8396668679015;56.0193756858057;57.3151709352291;NA;NA
"4";"American Samoa";NA;NA;NA;NA;NA;NA;NA;NA;NA;NA;NA;NA;NA;NA;NA;NA;NA;NA;NA;NA;NA;NA;NA;NA;NA;NA;NA;NA;NA;NA
"5";"Andorra";NA;NA;NA;NA;NA;NA;NA;NA;28.6040766640038;26.1171697579152;NA;43.1036126263178;15.5341510433644;18.2083084009975;21.7780096370242;24.1297160222859;21.8908103167577;30.3118156146308;21.2649886139992;15.674626922587;NA;19.1376387076961;24.9956960772452;29.3359336632814;31.1589514066958;31.3193188700093;31.7546992455008;33.8468293642762;36.1693328594303;45.5482385331407
"6";"Angola";NA;NA;NA;NA;NA;NA;NA;NA;NA;NA;NA;NA;NA;NA;NA;NA;72.4957463534975;NA;NA;NA;NA;NA;NA;NA;NA;NA;NA;NA;NA;NA
"7";"Antigua and Barbuda";NA;NA;NA;NA;NA;NA;NA;NA;NA;NA;NA;NA;NA;NA;NA;-71.5397570983449;-58.29334571334;-65.7683995072532;-68.2860681274206;-74.2329491069761;-73.1480942888203;-75.876574806617;-67.3213380570301;-69.1220028913513;-70.0252161809346;-56.4823215445656;-56.4858725764156;-73.5104251179447;-72.5917779843325;-67.6432660398468
"8";"Argentina";NA;NA;NA;NA;NA;NA;NA;NA;NA;NA;NA;NA;NA;NA;NA;NA;NA;NA;NA;NA;NA;NA;NA;NA;NA;NA;NA;NA;NA;NA
"9";"Armenia";197.569487924193;NA;NA;NA;NA;191.410369394417;224.123494834489;254.027959618065;265.081437907719;321.69956314794;392.395071843636;352.896279209747;240.863963157961;175.382231973816;171.423300668063;184.12055762963;173.209675496629;163.939847096368;168.630614051983;150.356434176978;167.132431798811;159.516248756844;152.334897918061;95.9615100762778;96.4689527819749;101.007987070496;95.3418293684344;94.0977982384679;102.382819410021;98.8808873554774
"10";"Aruba";NA;NA;NA;NA;NA;NA;NA;NA;NA;NA;NA;NA;NA;NA;NA;NA;NA;NA;NA;NA;NA;NA;NA;NA;NA;NA;NA;NA;NA;NA
"11";"Australia";-15.4455158875211;NA;-17.0532228712561;NA;NA;NA;NA;NA;NA;NA;-19.0692203801754;NA;NA;NA;NA;NA;NA;-10.2692158267027;-9.2291705160975;-9.49656402418647;-9.54561596798135;-8.90947589700797;-8.95442228165401;-15.7740366046527;-8.1714270838547;-7.24073165351683;-0.305769622928691;-0.570406125312335;NA;NA
"12";"Austria";NA;NA;NA;NA;NA;NA;-4.16349901757436;-7.16137605940566;-6.59621667614678;-11.7990788477418;-8.29985847160879;-11.9738153446048;-16.8771293758427;-16.2481325946513;-11.7499874308928;-11.9345777873479;-14.7757469346598;-15.3003176151795;-15.7992101634411;-15.4832640173775;-9.8070843030666;-12.5735241816478;-13.538741265437;-14.3973026566197;-11.963122364001;-10.5526039980369;-8.90041421044093;-9.87423930573339;-10.8750208120877;-12.0488631372591
"13";"Azerbaijan";NA;NA;NA;NA;NA;NA;NA;NA;NA;NA;112.280669867197;86.7466779290888;36.1902546996625;31.3543141610785;43.385238599639;49.5118678717242;69.0186736082469;62.6108087955167;82.6189660639646;74.2743392915355;73.9099391730069;57.6044559299064;74.342754695487;73.2211422494396;116.60730589002;87.7367368280301;86.5346617656776;88.0880703904472;67.9613607220385;46.4202612895926
"14";"Bahamas, The";NA;NA;NA;NA;NA;NA;NA;NA;NA;NA;NA;NA;NA;NA;4.008436235326;-24.5830763939507;-19.1879935907936;NA;NA;NA;NA;NA;NA;NA;NA;NA;NA;NA;NA;NA
"15";"Bahrain";NA;NA;NA;NA;NA;NA;143.113328860878;43.9401913116979;44.487746357431;47.486841090052;41.4480872082503;19.2590626279924;17.4856788120852;-0.143440120055846;-3.61567139757133;-26.7363344491854;-29.7955397747744;-22.3769038314953;-43.996532522159;-37.9035945372443;-36.7609032668882;-31.415785016317;-31.6656937965666;-47.3562112328983;-35.0533072788942;-30.9832439904603;-36.4577692166663;-44.2123843897261;-50.9555605816628;-32.5582289675557
"16";"Bangladesh";NA;NA;NA;NA;NA;NA;NA;NA;NA;NA;NA;NA;NA;NA;NA;150.448591217416;NA;NA;NA;108.511371373063;NA;NA;NA;NA;88.984029597972;NA;NA;NA;NA;NA
"17";"Barbados";NA;NA;NA;NA;NA;NA;NA;NA;NA;NA;NA;NA;NA;NA;NA;NA;NA;NA;NA;NA;NA;NA;NA;NA;NA;NA;NA;NA;NA;NA
"18";"Belarus";84.9825124116588;NA;NA;NA;NA;96.5319312456581;NA;NA;NA;NA;84.6247697380069;89.4576893140571;79.0460515989175;50.0684040050147;50.3376525523189;42.0335310845185;32.3272817848632;34.7746224190599;16.8973362084162;6.83844946957439;-5.25212541874391;-9.15768190069422;-7.14341926271757;-8.2419209546062;-9.12733411556715;-8.85027044902356;-9.46904978017088;-10.8600527695508;-11.6328704922699;-12.0980823015387
"19";"Belgium";74.9469808542084;NA;NA;NA;NA;35.6590032179475;39.8162845878727;37.8073814955141;40.0081158144238;37.7437412046844;33.1056646704329;35.8721532880236;30.2657242133479;36.4324810565918;30.814500976494;30.6394446439524;30.4509366351739;26.7034934043427;30.6516015159119;32.5923312565168;38.6723824729432;34.6154416137809;36.3595270009793;39.8267805414862;41.1742241981897;46.7788755693906;48.0323604717613;50.5204238633451;50.4403056063756;48.1364290049896
"20";"Belize";NA;NA;NA;NA;NA;NA;NA;-15.5763892053012;NA;NA;-41.3931446073762;NA;NA;NA;NA;NA;NA;NA;NA;NA;NA;NA;NA;NA;NA;NA;NA;NA;NA;NA
"21";"Benin";NA;NA;NA;NA;NA;NA;NA;NA;NA;NA;NA;NA;NA;NA;NA;NA;NA;NA;NA;NA;NA;NA;NA;NA;NA;NA;NA;NA;NA;NA
"22";"Bermuda";NA;NA;NA;NA;NA;NA;NA;NA;NA;NA;NA;-47.8516522052097;-49.14426647135;-50.612061751525;-50.3165176183122;-46.9601517978658;-47.4846365498795;-48.0869391857327;-47.3012402728642;-44.7713678947704;-44.4985075964502;-38.7607081430561;-39.3664534912355;-41.3449015141868;-41.5804611897404;-39.667541643903;-43.6164639773711;-47.5847432116039;-46.3906543888325;-41.7442254010703
"23";"Bhutan";NA;NA;NA;NA;NA;NA;NA;NA;NA;NA;NA;NA;NA;NA;NA;NA;NA;NA;NA;NA;NA;NA;-9.74607009554753;NA;NA;NA;NA;26.9481150087435;NA;39.6813105977763
"24";"Bolivia";NA;NA;NA;NA;NA;NA;NA;NA;NA;NA;NA;NA;NA;NA;NA;NA;NA;NA;NA;NA;NA;NA;NA;NA;NA;NA;NA;NA;NA;NA
"25";"Bosnia and Herzegovina";NA;NA;NA;NA;NA;NA;NA;NA;NA;NA;NA;NA;NA;NA;NA;NA;NA;NA;5.84368239520689;5.06534425535092;11.4519781684189;7.03350429613802;6.41510063309624;12.6160101098585;3.05150939383156;7.03963137296406;6.80851896284713;6.47618631668051;3.9400711155829;4.3351016024846
"26";"Botswana";NA;NA;NA;NA;NA;NA;NA;NA;NA;NA;NA;NA;NA;NA;NA;NA;NA;NA;NA;NA;NA;NA;NA;32.0756784390449;NA;140.049579702283;NA;4.8918859747686;NA;NA
"27";"Brazil";NA;NA;NA;NA;NA;NA;NA;NA;NA;NA;-40.5867259790589;NA;NA;NA;NA;-33.2000526548349;NA;NA;NA;NA;NA;NA;NA;-19.9035631741962;NA;NA;NA;NA;NA;NA
"28";"British Virgin Islands";NA;NA;NA;NA;NA;NA;NA;NA;NA;-55.1780473338354;-56.3485021498888;-56.4761463210711;-45.9133438695884;-40.4427310214902;-55.4403796979158;-58.5270776801473;NA;NA;NA;NA;NA;NA;NA;NA;NA;NA;NA;NA;NA;NA
"29";"Brunei Darussalam";NA;NA;NA;NA;NA;NA;NA;64.3260428321802;9.77664935264344;NA;25.2616242448487;23.1373467079058;24.4865375631122;NA;NA;NA;NA;NA;NA;NA;NA;NA;NA;NA;NA;NA;NA;NA;NA;NA
"30";"Bulgaria";NA;NA;NA;NA;NA;-46.7789183658401;-39.3389298121801;-34.6838127851141;-36.8285165147629;-37.8036124020255;-38.7869733855675;-36.4125902323494;-36.4607410314601;-37.0622738095044;-36.5859739887922;-34.4773159860212;-33.1480989729054;-31.4671063871105;-37.6539863035393;-38.0985860147863;-32.995337603912;-27.191642568299;-19.7867289501575;-14.8477509537283;-16.8884937493285;-11.9696800171476;-8.93989895296285;-15.6829062113553;-10.5830904178575;NA
"31";"Burkina Faso";NA;NA;NA;NA;NA;NA;-46.0441410969809;-46.4136030175965;-40.4768182541431;-42.4325313241399;-37.7686280494504;-41.2689791432868;-37.5528829818804;-27.3361228903189;-36.3624309920333;-39.2941412896982;-36.7615795666564;-25.8364159742678;-23.6122235404085;-22.0247488550505;NA;NA;NA;NA;NA;NA;NA;NA;NA;NA
"32";"Burundi";NA;NA;NA;NA;NA;NA;NA;NA;NA;NA;NA;17.6883212071046;-32.2765842800787;-16.2119570860952;-16.4501757958675;4.84922196869557;16.1168210477826;76.8285985265559;31.3494049034764;62.4926285430574;283.059064537434;NA;112.841152672809;NA;150.804695062704;0.0131236730042935;70.9431075547201;130.552053452259;471.65747456634;278.089845866393
"33";"Cabo Verde";NA;NA;NA;NA;NA;NA;NA;NA;NA;NA;NA;NA;NA;2.23917578214195;-2.30670099861001;-6.61399980286901;-10.7369091158654;-14.8757771367855;-18.6902032118221;-22.4862191953689;-25.2164100484694;NA;-40.6349589732366;-38.3002137782991;NA;-37.052418108808;NA;NA;NA;NA
"34";"Cambodia";NA;NA;NA;NA;NA;NA;NA;NA;NA;NA;NA;NA;NA;NA;NA;NA;NA;NA;NA;29.9346855507423;23.0086848866624;18.3393095864116;7.42849404204251;NA;NA;NA;NA;NA;NA;NA
"35";"Cameroon";NA;NA;NA;NA;NA;NA;NA;NA;NA;NA;NA;NA;NA;NA;NA;NA;-42.3133445191759;-39.8535072951795;-63.1364590606926;-65.1893630543784;NA;NA;NA;NA;NA;NA;NA;NA;NA;NA
"36";"Canada";89.7590347592826;NA;NA;NA;NA;158.081133773127;NA;NA;NA;NA;69.7108615290308;NA;NA;NA;NA;NA;NA;57.1024479406557;NA;NA;NA;NA;NA;NA;NA;NA;NA;NA;NA;NA
"37";"Cayman Islands";NA;NA;NA;NA;NA;NA;NA;NA;NA;NA;NA;NA;NA;NA;NA;NA;NA;NA;NA;NA;NA;NA;NA;NA;NA;NA;NA;NA;NA;NA
"38";"Central African Republic";NA;NA;NA;NA;NA;NA;NA;NA;NA;NA;NA;NA;NA;NA;NA;NA;NA;NA;NA;NA;NA;NA;NA;NA;NA;NA;NA;NA;NA;NA
"39";"Chad";NA;NA;NA;NA;NA;NA;NA;NA;NA;NA;NA;NA;NA;NA;NA;NA;NA;NA;NA;NA;NA;NA;NA;NA;NA;NA;NA;NA;NA;NA
"40";"Channel Islands";NA;NA;NA;NA;NA;NA;NA;NA;NA;NA;NA;NA;NA;NA;NA;NA;NA;NA;NA;NA;NA;NA;NA;NA;NA;NA;NA;NA;NA;NA
"41";"Chile";-1.31425510889725;NA;NA;NA;NA;12.2945676650859;NA;NA;NA;NA;18.7071070293008;26.1738797827349;26.4309115942004;33.9162484542799;23.4528131229191;9.56186107127747;31.0194799421229;19.4472931373527;18.2306749465345;23.5163259627938;22.0032807688097;21.8081500095336;NA;17.6398964065354;17.0328410197017;9.85043614718633;15.2650139737989;3.06228265578832;6.28237364291404;NA
"42";"China";NA;NA;NA;NA;NA;135.080429061989;NA;NA;NA;NA;119.813852715307;95.3994501701077;95.9931319030713;84.2448497564943;79.8695477514559;81.8091772018117;92.9416845290616;86.4837138967618;87.7009785663601;87.6244814565474;91.0064572346471;87.1322589580355;82.0457597713799;82.1481477395717;77.385162827226;66.025603938764;58.3050098865886;51.4671480515609;NA;NA
"43";"Colombia";NA;NA;NA;NA;NA;NA;NA;NA;NA;NA;NA;NA;NA;NA;47.8542810455854;25.137592211117;24.0575448699733;3.06227997112831;6.74440923288886;-12.8874939067274;11.9497827256728;4.73468450746322;15.1191527009089;18.1186939154987;20.1947034611769;13.7426950951318;2.01986177199081;9.00568244755026;-0.0243327958329139;NA
"44";"Comoros";NA;NA;NA;NA;NA;NA;NA;NA;NA;NA;NA;NA;NA;NA;NA;NA;NA;NA;NA;NA;NA;NA;NA;NA;NA;NA;NA;NA;NA;NA
"45";"Congo, Dem. Rep.";NA;NA;NA;NA;NA;NA;NA;NA;NA;NA;NA;NA;NA;NA;NA;NA;NA;NA;NA;NA;NA;NA;NA;NA;NA;NA;NA;NA;NA;NA
"46";"Congo, Rep.";NA;NA;NA;NA;NA;NA;NA;NA;NA;NA;NA;NA;NA;NA;NA;NA;NA;NA;NA;NA;NA;NA;NA;NA;NA;NA;NA;NA;NA;NA
"47";"Costa Rica";NA;NA;NA;NA;NA;NA;NA;NA;NA;NA;NA;NA;-5.77733609563606;NA;NA;NA;NA;NA;NA;NA;-6.30563606675159;-13.2827467520764;-13.4358699441825;-14.7904957693592;-15.678947728171;-18.6026656282489;27.5284919941017;24.6650189323931;9.73400527492359;20.8266713129204
"48";"Cote d'Ivoire";NA;NA;NA;NA;NA;NA;NA;NA;NA;NA;NA;NA;NA;NA;NA;NA;NA;NA;NA;NA;NA;NA;NA;NA;NA;NA;NA;NA;NA;NA
"49";"Croatia";NA;NA;NA;NA;NA;NA;NA;NA;NA;NA;NA;NA;NA;NA;48.1302387918945;34.3143220622521;16.973640328497;13.345227455191;8.02495526213184;10.3123406550823;17.6110016923228;15.5015609719254;12.068828529316;8.24051114844044;12.1288205928052;16.4479370996135;14.1866131389469;10.6755388280014;7.07726922420712;4.3101004143196
"50";"Cuba";NA;NA;NA;NA;NA;NA;NA;NA;NA;-2.83692463376026;-3.23625329873574;-13.3851550979203;-19.1651907182067;-20.2321587069516;-20.3533835027657;-25.8804168898735;-21.9294022258311;-24.4136202241798;-35.3745593575628;-26.039011402825;-25.3719517745365;-18.5175521738013;-34.1663432413621;-30.4397293281326;-26.1754992534655;-27.8394444235006;-33.4436521786422;-38.7798822248209;-39.6946153008287;-37.1546808851953
"51";"Curacao";NA;NA;NA;NA;NA;NA;NA;NA;NA;NA;NA;NA;NA;NA;NA;NA;NA;NA;NA;NA;-19.3171020557048;-13.1264647159805;-25.0828095710226;-1.91406256278249;-28.3311019278873;-32.0672873744511;-0.105460372592856;3.76117075813552;NA;NA
"52";"Cyprus";NA;NA;NA;NA;NA;8.36299188190646;10.0233294061689;7.60486881452355;9.52047290468111;8.761766790512;10.2007645800948;6.25485524741928;5.77515468385385;5.26991006947268;-0.135628517895816;-0.279765478607566;-0.411531942965992;-0.852343432705005;-3.61715001618124;-5.5627741893623;-3.00262778618168;-2.65563788807372;-3.37404873353052;0.326594168559478;5.12532650093634;11.8150991087251;9.56739555551129;10.8536451962741;6.9994321053882;6.2284847821248
"53";"Czechia";NA;NA;NA;NA;NA;84.3583707426313;81.8986955137868;77.6128357880003;90.7604412191484;66.7127778621274;65.6282863338019;104.667261051979;99.0062939628865;95.6796574151501;97.1468464912846;88.5806099144122;85.8024833251599;87.2107924019483;78.1584863256002;68.1411124314578;70.2816126943544;67.2413078974815;73.780376180129;72.2548758686651;71.0748386269397;67.4095187783314;58.2816004383025;NA;NA;NA
"54";"Denmark";NA;NA;NA;NA;3.71649679820297;5.94577374423184;-7.67280727061792;-4.88448370729541;-6.35433563179281;-12.4441514008709;-10.8319810026218;-16.5747395857843;-17.8188979282037;-18.0607691913635;-21.4711538490916;-17.9888616391865;-25.385516243885;-30.3855342710885;-34.1800928340031;-29.3332519250841;-18.5271542057174;-38.2023966107879;-34.8763421968772;-30.1029477381917;-36.5872357838166;-38.0937876685582;-36.3785678072583;-35.7577840587373;-35.4448929973219;-37.9271697937812
"55";"Djibouti";NA;NA;NA;NA;NA;NA;NA;NA;NA;NA;NA;NA;NA;NA;NA;NA;NA;NA;NA;NA;NA;NA;NA;NA;NA;NA;NA;NA;NA;NA
"56";"Dominica";NA;NA;NA;NA;NA;NA;NA;NA;NA;NA;NA;-25.4449345287822;-5.86661326793661;-14.5458898704315;-10.1274681233167;-4.09185545166398;NA;NA;NA;NA;NA;NA;NA;NA;NA;NA;NA;NA;NA;NA
"57";"Dominican Republic";NA;NA;NA;NA;NA;NA;NA;NA;NA;NA;NA;NA;NA;NA;NA;NA;NA;NA;NA;NA;NA;NA;NA;NA;NA;NA;NA;NA;NA;NA
"58";"Ecuador";NA;NA;NA;NA;NA;NA;NA;NA;NA;NA;NA;NA;NA;NA;NA;NA;NA;NA;NA;NA;NA;-9.86132448989109;34.696578474769;34.1705670272454;-0.166397778161531;-11.8542354126759;-10.7342391835145;-3.35218633833932;-5.48841360035651;NA
"59";"Egypt, Arab Rep.";NA;NA;NA;NA;NA;NA;NA;NA;NA;NA;NA;NA;NA;NA;NA;NA;NA;NA;-73.5906713525719;-77.2782935165743;-71.0692646483654;NA;-90.6504216284073;NA;NA;NA;NA;NA;NA;NA
"60";"El Salvador";NA;NA;NA;NA;NA;NA;NA;NA;NA;NA;NA;NA;NA;NA;NA;NA;NA;NA;NA;NA;NA;NA;NA;NA;NA;NA;NA;NA;NA;NA
"61";"Equatorial Guinea";NA;NA;NA;NA;NA;NA;NA;NA;NA;NA;NA;NA;NA;NA;NA;NA;NA;NA;NA;NA;NA;NA;NA;NA;NA;NA;NA;NA;NA;NA
"62";"Eritrea";NA;NA;NA;NA;NA;NA;NA;NA;NA;NA;NA;NA;NA;NA;NA;NA;NA;NA;NA;NA;NA;NA;NA;NA;NA;NA;NA;NA;NA;NA
"63";"Estonia";NA;NA;NA;NA;NA;59.4803425450244;48.8198165866641;40.0527802545615;44.3880506576785;41.057850003052;24.7702278342092;55.8905300657943;41.5258535451294;41.1857498137366;32.5111310928445;34.5251705388082;45.4106615592035;30.9872680211761;49.0690288128879;69.2156009478407;92.5021955784009;95.7517144928445;NA;105.122029636463;68.866832212465;64.1596576588833;53.8897890198695;47.6101352140498;42.8221668734246;57.9470372037223
"64";"Eswatini";NA;NA;NA;NA;NA;NA;NA;NA;NA;NA;NA;NA;NA;NA;NA;NA;NA;NA;NA;NA;NA;NA;NA;NA;NA;NA;NA;NA;NA;NA
"65";"Ethiopia";NA;NA;NA;NA;NA;NA;NA;NA;NA;NA;NA;NA;NA;NA;NA;NA;NA;NA;NA;NA;NA;NA;NA;NA;NA;NA;NA;NA;NA;NA
"66";"Faroe Islands";NA;NA;NA;NA;NA;NA;NA;NA;NA;NA;NA;NA;NA;NA;NA;NA;NA;NA;NA;NA;NA;NA;NA;NA;NA;NA;NA;NA;NA;NA
"67";"Fiji";NA;NA;NA;NA;NA;NA;NA;NA;NA;NA;NA;NA;NA;NA;NA;NA;NA;NA;NA;NA;NA;NA;NA;NA;NA;NA;NA;NA;NA;NA
"68";"Finland";NA;NA;NA;NA;53.2759381945496;50.5523831294514;54.995152160847;43.9166727418782;39.0788469890186;33.6844996230011;28.6558114123219;39.7239937912233;43.9609333944534;43.4492478798215;43.266420789811;37.8580527117621;36.294224137002;32.1592107341551;26.9742386219519;35.3902445484642;41.9315433138296;30.7441093733369;29.2395305178934;31.305274219223;35.6997185451911;29.0343860219469;33.7928146782663;32.6656154182275;22.8027315433637;NA
"69";"France";NA;NA;NA;3.84999334250517;NA;4.25010774024747;1.58486995268233;-1.02079776925905;-2.55940211480232;-2.70287315687172;-1.68819938693395;-5.20555362753241;-6.01222939124933;-1.30327609937716;-4.02585185136446;-3.45867003645123;-7.95557014311551;-9.48819848523629;-8.81265483184358;-9.08394342293701;-8.33110801551327;-9.30892379522871;-8.0943291973012;-5.99685532946001;-7.70422231900429;-7.20459129535663;-7.6138621330436;-8.47705661060383;-8.32846077631166;-11.5154167310822
"70";"French Polynesia";NA;NA;NA;NA;NA;NA;NA;NA;NA;NA;NA;NA;NA;NA;NA;NA;NA;NA;NA;NA;NA;73.3890120967873;60.7384836412798;49.9369048529844;80.7124315953878;NA;NA;NA;NA;NA
"71";"Gabon";NA;NA;NA;NA;NA;NA;NA;NA;NA;NA;NA;NA;NA;NA;NA;NA;NA;NA;NA;NA;NA;NA;NA;NA;NA;NA;NA;NA;NA;NA
"72";"Gambia, The";NA;NA;NA;NA;NA;NA;NA;NA;NA;NA;NA;NA;NA;NA;NA;NA;NA;NA;NA;NA;NA;NA;NA;NA;NA;NA;NA;NA;NA;NA
"73";"Georgia";NA;NA;NA;NA;NA;NA;NA;NA;NA;NA;NA;NA;NA;NA;NA;NA;NA;55.2550740458349;49.9738312393983;48.2396792201857;NA;NA;NA;NA;NA;NA;40.8559603156664;NA;NA;NA
"74";"Germany";-22.895243756658;NA;NA;NA;NA;-23.7332611201911;-25.6294864961206;-27.5854490848152;-26.3900362988243;-25.8307472521822;-25.3228120009763;-24.3537923576905;-25.7916026527141;-21.1880151665489;-18.9502350662717;-15.0394265428129;-14.8018815223969;-18.9243786984142;-19.5143044012152;-21.2689279675756;-21.3575806215703;-24.8664097058448;-23.9871862240019;-23.6489190383272;-25.8891496887172;-25.7825309214544;-25.8208509572708;-25.0918838316313;-22.7144817308695;-23.0696027503121
"75";"Ghana";39.1206729446323;NA;NA;NA;NA;23.4543977978834;18.4482774445484;13.675681116697;15.553414202201;8.43538860885602;6.91900549948423;8.4399047514485;11.2711518291916;9.72194350100086;9.51541691574494;-3.24285469132695;1.62184196058061;-0.815717812607083;-1.5113906514864;-3.8648220542166;-5.75642822073659;-3.29854968651931;-7.06676313345088;6.41371263099622;13.5116738242559;7.20686811370891;13.5444062991554;15.332711952727;NA;NA
"76";"Gibraltar";NA;NA;NA;NA;NA;NA;NA;NA;NA;NA;NA;NA;NA;NA;NA;NA;NA;NA;NA;NA;NA;NA;NA;NA;NA;NA;NA;NA;NA;NA
"77";"Greece";48.587551153362;NA;43.579689053563;NA;NA;44.8314955594237;32.7190248944629;24.8316765227591;21.8641220305597;17.1298474558487;12.8503157236054;13.7215146632583;12.3019841937131;11.1998981502304;9.68241499895739;6.99453036710932;6.92248462254802;4.73463920345776;3.07428696010869;1.09425839519328;-13.2406071175627;-8.89503375459;-6.93434686603001;-14.4559033934696;-8.48944873902314;-6.78648181647702;NA;NA;NA;NA
"78";"Greenland";NA;NA;NA;NA;NA;NA;NA;NA;NA;NA;NA;NA;NA;NA;NA;NA;NA;NA;NA;NA;NA;NA;NA;NA;NA;NA;NA;NA;NA;NA
"79";"Grenada";NA;NA;NA;NA;NA;NA;NA;NA;NA;NA;NA;NA;NA;NA;NA;NA;NA;NA;NA;NA;NA;NA;NA;NA;NA;NA;NA;NA;NA;NA
"80";"Guam";NA;NA;NA;NA;NA;NA;NA;NA;NA;NA;NA;NA;NA;NA;NA;NA;NA;NA;NA;NA;NA;NA;NA;NA;NA;NA;NA;NA;NA;NA
"81";"Guatemala";NA;NA;NA;NA;NA;NA;NA;NA;NA;NA;NA;NA;NA;NA;NA;NA;NA;NA;NA;NA;NA;NA;NA;NA;NA;NA;NA;NA;NA;NA
"82";"Guinea";NA;NA;NA;NA;NA;NA;NA;NA;NA;NA;NA;NA;NA;NA;NA;NA;NA;NA;NA;NA;NA;NA;NA;NA;NA;NA;NA;NA;NA;NA
"83";"Guinea-Bissau";NA;NA;NA;NA;NA;NA;NA;NA;NA;NA;NA;NA;NA;NA;NA;NA;NA;NA;NA;NA;NA;NA;NA;NA;NA;NA;NA;NA;NA;NA
"84";"Guyana";NA;NA;NA;NA;NA;NA;NA;NA;NA;NA;NA;NA;NA;NA;NA;NA;NA;NA;NA;NA;NA;NA;NA;NA;NA;NA;NA;NA;NA;NA
"85";"Haiti";NA;NA;NA;NA;NA;NA;NA;NA;NA;NA;NA;NA;NA;NA;NA;NA;NA;NA;NA;NA;NA;NA;NA;NA;NA;NA;NA;NA;NA;NA
"86";"Honduras";27.8771756242709;NA;NA;NA;NA;NA;NA;NA;NA;NA;NA;NA;NA;NA;NA;NA;NA;NA;NA;NA;17.2852722457965;NA;NA;77.007223484594;NA;NA;NA;NA;NA;NA
"87";"Hong Kong SAR, China";-34.2097656595603;NA;NA;NA;NA;-42.6526889057066;-38.4054125065774;-40.043733328887;-34.5981085657118;-31.8971055934983;-38.2479500433598;-38.9561547358854;-40.9391359643812;-44.8585373615621;-44.4476751837963;-47.4137364205643;-48.1300353882331;-46.0216155333212;-48.4293213836478;-47.5909991460652;-51.9276675530162;-45.6140808239779;-38.5850396222531;-37.9919287755101;-38.7615821904616;-38.2175864986405;NA;NA;NA;NA
"88";"Hungary";-8.93495837954519;NA;NA;NA;NA;3.29020709789852;2.72351699454472;-1.67388707381575;-1.41279621226427;-1.0476144437038;6.81030454965459;6.1713027552787;4.24357513174659;2.54996655020214;3.87053087133255;4.06396426759332;2.41566455996802;4.13999058085272;4.70101433554372;8.56821439167042;17.3597319857319;22.8099581358049;14.8402869090871;21.4987831274899;19.5819728359692;23.6627384144877;23.4957675478106;21.4112837797771;22.5705720902488;20.8865973971588
"89";"Iceland";NA;NA;NA;NA;NA;96.3309022020131;96.9269955112375;91.8574943701886;91.7952514172598;96.1226038473907;100.148568149798;95.6269330799929;91.9999573399913;87.1983584206332;77.3824711819543;72.5035148757537;68.2291582935486;76.7812424876071;57.6783957968364;156.261976932736;119.348478303779;118.045940546253;109.481244137148;207.793273564705;100.1076293854;80.476636703749;64.6783290252866;65.1629682150882;55.7197702456459;NA
"90";"India";NA;NA;NA;NA;NA;NA;NA;NA;NA;NA;-48.3909861243932;NA;NA;NA;NA;NA;NA;NA;NA;NA;NA;NA;NA;NA;NA;NA;NA;NA;NA;NA
"91";"Indonesia";NA;NA;NA;NA;NA;NA;NA;NA;NA;NA;NA;NA;NA;NA;NA;NA;NA;NA;NA;NA;NA;NA;NA;NA;NA;NA;NA;NA;NA;NA
"92";"Iran, Islamic Rep.";NA;NA;NA;NA;NA;NA;NA;NA;NA;NA;NA;NA;NA;NA;NA;NA;NA;NA;NA;NA;NA;NA;NA;NA;NA;NA;NA;NA;NA;NA
"93";"Iraq";NA;NA;NA;NA;NA;NA;NA;NA;NA;NA;NA;NA;NA;NA;NA;NA;NA;NA;NA;NA;NA;-48.0848508492836;-42.9792620750039;-39.5135181737476;-34.3828096978393;-41.4993330759033;-40.214909842656;-56.1506344594575;-49.9227811335655;-46.1237839194849
"94";"Ireland";NA;NA;NA;NA;NA;-6.40090314159142;-5.08999779223496;-7.82697147542559;-9.08128214245902;-13.0697439342079;-17.0675905803103;-27.4448922438602;-27.396440119258;-31.8183170854229;-32.7628468471858;-33.8157066264603;-38.1345708681809;-36.6093382137273;-32.3137116950168;-25.9552092904504;-22.5651288905691;-23.6866129078342;-19.6819370991433;-21.3632062140358;-17.5099946153879;NA;-16.5943524676528;-15.7376382039124;-18.6685409850356;-22.1268701510888
"95";"Isle of Man";NA;NA;NA;NA;NA;NA;NA;NA;NA;NA;NA;NA;NA;NA;NA;NA;NA;NA;NA;NA;NA;NA;NA;NA;NA;NA;NA;NA;NA;NA
"96";"Israel";NA;NA;NA;NA;NA;NA;NA;NA;NA;-15.7908106674848;-13.9135798003361;-6.05954236222543;-11.9135723876626;-9.30291629236386;-12.0152064585763;-10.098789046611;-13.8094952193017;-14.3046561496419;-12.8644319841517;-15.2960944108801;-13.8965660089977;-15.2762117077122;-14.7432159516495;-13.5919400360244;-17.592720122389;-17.711771314696;NA;NA;NA;NA
"97";"Italy";NA;3.94421314156064;NA;-6.69038523414085;NA;-5.24465233429152;-5.61190996810293;-7.17611225856635;-7.23480473308675;-11.6711838443427;-13.1477121626805;-13.8063579160807;-15.1717956981098;-14.5493485750321;-17.1634087153244;-17.9409737709573;-19.8635575716603;-20.1903587730872;-20.31084335836;-20.2294980593541;-20.5111662829093;-18.3072381198493;-15.0662852409508;-12.2143458368926;-15.5381009666122;-14.2042868111646;-11.2030537442967;-9.59893604726348;-11.4099619649432;-11.8390083003264
"98";"Jamaica";NA;NA;NA;NA;NA;NA;NA;NA;NA;-46.7666761405634;NA;-39.3977670089835;-41.7598960582592;-41.4537037056852;-39.367474654454;-37.664819156962;NA;NA;NA;NA;NA;NA;NA;NA;NA;NA;NA;NA;NA;NA
"99";"Japan";11.861077352635;11.3383124410509;12.8946155113062;12.1855389658257;11.8104085445078;9.75909519184963;9.9275010908077;10.2806504556619;10.0245527446811;9.41675303851043;7.51169115280775;9.01895643934091;11.6988335300477;12.4675503846801;15.0023650997504;16.925474275259;20.3990983279989;23.1629692580858;28.2099204751195;32.2287324951039;37.27323266742;33.0838720653389;32.652878474359;32.4187606628065;35.1407260973777;36.2272428150049;42.0179215572274;42.9841687676739;43.5692355446011;NA
"100";"Jordan";NA;NA;NA;NA;NA;NA;NA;NA;NA;NA;NA;NA;NA;NA;NA;-34.5468709105962;-27.0801910544146;NA;NA;NA;-8.6831723438731;-5.13592738647186;-13.3149601859539;-18.6587115764374;-16.5057540676457;-25.1005861415834;NA;NA;NA;NA
"101";"Kazakhstan";NA;NA;NA;NA;NA;NA;NA;NA;NA;NA;NA;NA;NA;NA;NA;NA;104.530452718215;49.9218847971407;47.9502741490872;30.4701980051363;35.7193828184737;31.0323601852383;43.6191006828281;46.2907591548388;51.4276982078683;63.025083817268;83.8731612747962;57.5016518985487;46.1182413017048;48.0004498627314
"102";"Kenya";NA;NA;NA;NA;NA;NA;NA;NA;NA;NA;NA;NA;NA;NA;NA;NA;NA;NA;NA;NA;NA;NA;NA;52.7568126961049;32.1716042686404;62.4583135927939;5.64844428812993;9.56500286638173;NA;NA
"103";"Kiribati";NA;NA;NA;NA;NA;NA;NA;NA;NA;NA;NA;NA;NA;NA;NA;NA;NA;NA;NA;NA;NA;NA;NA;NA;NA;NA;NA;NA;NA;NA
"104";"Korea, Dem. People's Rep.";NA;NA;NA;NA;NA;NA;NA;NA;NA;NA;NA;NA;NA;NA;NA;NA;NA;NA;NA;NA;NA;NA;NA;NA;NA;NA;NA;NA;NA;NA
"105";"Korea, Rep.";NA;NA;NA;NA;NA;20.3350239041253;20.1598769867616;30.8804031859138;39.2478835598044;40.6197072563243;39.8807161363013;37.3545686416487;35.4783779058165;34.4845374998263;37.9540418181189;41.1585084492044;41.6347188096317;37.0524514637719;34.0066789145325;38.2306469560227;45.0121783986924;48.4417267654213;49.6654958949257;49.8317596006252;49.5893892219984;47.5314738449578;43.7384664764834;45.9060559054243;40.9095574395793;NA
"106";"Kosovo";NA;NA;NA;NA;NA;NA;NA;NA;NA;NA;NA;NA;NA;NA;NA;NA;NA;NA;NA;NA;NA;NA;NA;NA;NA;NA;NA;NA;NA;NA
"107";"Kuwait";NA;NA;NA;NA;NA;NA;NA;NA;NA;NA;-63.8636605776032;-69.9552061538596;-73.2147306083029;-66.7807327203256;-67.8395440940411;-68.989236947454;-81.4193110243301;-77.7398736022806;-76.6360296687443;-73.0254022063069;-74.3900434375458;-78.1255495063237;-74.0678963245305;-76.4368593065412;-80.1687498823001;-74.6966874578808;-76.5069189865048;-81.5013466637095;NA;NA
"108";"Kyrgyz Republic";NA;NA;NA;NA;NA;NA;NA;NA;NA;NA;NA;NA;NA;NA;NA;NA;NA;NA;NA;NA;NA;NA;NA;NA;NA;NA;NA;NA;NA;NA
"109";"Lao PDR";NA;NA;NA;NA;NA;NA;NA;NA;NA;NA;NA;NA;NA;NA;NA;NA;NA;NA;NA;NA;NA;NA;NA;NA;NA;NA;NA;NA;NA;NA
"110";"Latvia";NA;NA;NA;NA;NA;77.944649602663;77.8645866966502;83.7213129308318;88.5192484657418;77.7174741673464;67.1273052736435;52.5993723368333;35.4312806518189;56.1486566967163;50.6193478079068;51.2083729620216;42.5924891167646;25.7432009291371;40.9561782907755;37.8055184207515;50.9849416096431;38.301237860654;52.4917449234623;40.697317846143;35.6309950028569;17.978714749901;16.2735598238778;15.7088345805969;16.2361382727018;7.84238351924963
"111";"Lebanon";NA;NA;NA;NA;NA;NA;NA;NA;NA;NA;NA;21.0534352829329;NA;NA;13.4155200438331;NA;NA;NA;NA;10.0434244799521;NA;NA;1.66842975984859;NA;NA;NA;NA;NA;NA;NA
"112";"Lesotho";NA;NA;NA;NA;NA;NA;NA;NA;NA;NA;NA;NA;NA;NA;NA;NA;NA;NA;NA;NA;NA;NA;NA;NA;NA;NA;NA;NA;NA;NA
"113";"Liberia";NA;NA;NA;NA;NA;NA;NA;NA;NA;NA;NA;NA;NA;NA;NA;NA;NA;NA;NA;NA;NA;NA;NA;NA;NA;NA;NA;NA;NA;NA
"114";"Libya";NA;NA;NA;NA;NA;NA;NA;NA;NA;NA;NA;NA;NA;NA;NA;NA;NA;NA;NA;NA;NA;NA;NA;NA;NA;NA;NA;NA;NA;NA
"115";"Liechtenstein";-37.1113592653662;NA;NA;NA;NA;-29.3391001514268;-29.333390695158;-28.8294941725162;-29.994617543667;-42.5115342133407;-48.1789359155538;-45.4128783436112;-46.1739995538071;-46.6804444461246;-45.1565110944881;-50.254264907994;-48.1169969143934;-49.2615718726033;-46.4387164693616;-42.5358801491173;-37.2106322314863;-42.405507390969;-40.5353951831951;-37.5355620206193;-33.4013611711134;-34.0722686035875;-33.1859144268506;-34.4267641085531;-27.418871599835;-31.8238685931887
"116";"Lithuania";NA;NA;NA;NA;NA;17.0319687608101;27.8480680247288;18.7766640720599;14.8735287998708;38.8676532895344;29.1705121545322;31.7556973614257;26.0721840082587;32.6207552452185;38.8511895474466;31.5192446373141;25.4310919984885;24.3056026296566;21.7571913029222;35.2670570110543;19.3057848458391;10.9281548098012;11.1627749412513;12.9250253068184;13.5316068960744;8.00708287870361;8.53263140818939;5.39514560431117;2.66584632108617;0.514337518365996
"117";"Luxembourg";38.4223302729538;46.6068736017683;64.5706331942001;62.1543249696735;66.8192284150975;32.4355109901022;32.7526616635013;27.072367810813;20.3063324310546;17.510284143793;18.6876260716959;21.9706312571088;21.5175409110621;17.6413515787029;20.5977817579158;22.7516604436267;18.250622582494;13.9722251356764;12.1406701122272;12.9132993958567;14.8572917884762;15.6004897992185;16.9199989222185;12.6297901112637;16.7110650763026;19.3736711145295;25.05095153808;25.2991987601637;NA;NA
"118";"Macao SAR, China";NA;NA;NA;NA;NA;48.7284106663599;43.1415391005036;34.9366991751073;35.4632963032502;35.5191959006467;35.2750785157499;37.341981170171;35.3146052192882;36.3438127660343;36.2996669704931;28.2041325467763;28.8080341763641;30.9334209193193;28.6849870551335;14.0195904146032;24.4304538331801;23.1292537660153;11.9608037145423;NA;NA;NA;NA;NA;NA;NA
"119";"Madagascar";NA;NA;NA;NA;NA;NA;NA;NA;NA;NA;NA;NA;NA;NA;NA;NA;NA;NA;NA;NA;NA;NA;NA;NA;NA;NA;NA;NA;NA;NA
"120";"Malawi";NA;NA;NA;NA;NA;NA;NA;NA;NA;NA;NA;NA;NA;NA;NA;NA;NA;NA;NA;NA;NA;NA;NA;NA;NA;NA;NA;NA;NA;NA
"121";"Malaysia";NA;NA;NA;NA;NA;NA;NA;NA;NA;NA;-4.35821522702506;-6.47367494716267;-8.92011541283415;-11.1339035794082;-13.4664513149941;-15.760276156518;-18.4778535109119;-20.7572497454027;-23.321957840525;-24.7010362636517;-27.4682714531388;-28.8525836578906;-33.4395019873029;-33.5862813950262;-33.1552994491723;-32.6140295951386;-32.0136055655241;-31.4749801404234;NA;NA
"122";"Maldives";515.20392708109;NA;NA;NA;NA;621.536946015279;NA;NA;NA;574.15355978454;499.297034987;547.736672605044;-47.5902663917519;-20.7847154676872;-26.7401440435511;-26.9517823386693;-60.2855688502039;-58.1239300713559;-56.327978118398;-46.0832757216214;-42.5227316190158;-36.1162543668394;-33.3056154574585;-66.4488351064101;-52.667782094446;NA;NA;NA;NA;NA
"123";"Mali";NA;NA;NA;NA;NA;NA;NA;NA;NA;NA;NA;NA;NA;NA;NA;NA;NA;NA;NA;NA;NA;NA;NA;NA;NA;NA;NA;NA;NA;NA
"124";"Malta";NA;NA;NA;NA;NA;41.1466986734816;31.8623142693053;28.5210874188088;16.6310393983543;17.6521915274564;-0.871272427914963;2.81371990619737;-0.227928184753183;-4.1089649369604;-12.3669217826006;-9.66865859061994;-16.6738265883347;-16.9664088603771;-18.5630962304543;-20.057868151898;-11.8592649448854;-12.2192356448634;-9.02073026927022;-12.5696362156243;-16.6116937926363;-14.7775623677372;-14.9917686818996;-18.7229173731494;-19.8352516100452;-22.5478141136465
"125";"Marshall Islands";NA;NA;NA;NA;NA;NA;NA;NA;NA;NA;NA;NA;NA;NA;NA;NA;NA;-67.5512878715407;NA;NA;NA;NA;NA;NA;NA;NA;NA;NA;NA;NA
"126";"Mauritania";NA;NA;NA;NA;NA;NA;NA;NA;NA;NA;NA;NA;NA;NA;NA;NA;NA;NA;NA;NA;NA;NA;NA;NA;NA;NA;NA;NA;NA;NA
"127";"Mauritius";NA;NA;NA;NA;NA;NA;NA;NA;NA;NA;NA;36.4494516630325;23.9601841906453;13.7214301421052;10.0101585805243;9.84148636165009;1.96814477775783;4.94762819106241;0.831290257710487;-2.54501693584344;0.396117754664741;1.83852454482353;2.11109798170052;-3.07892340894068;-4.34171444369633;-8.88291560279197;-7.05925117519041;-8.47036200156083;NA;NA
"128";"Mexico";NA;NA;NA;-39.4619355786503;-41.4043423730483;-39.682460724555;-41.4708563504289;-34.7795967321357;-36.3821346023533;-35.4504302029444;-32.1418732641506;-33.6986261311781;-32.3953702922895;-33.2092954095427;-32.9812831867884;-33.3599497357894;-32.4499475160905;-35.2910329326171;-33.5613088354926;-34.7683538355549;-34.9585468043749;-35.9811403923234;-36.09714341966;-37.8421552271248;NA;NA;NA;NA;NA;NA
"129";"Micronesia, Fed. Sts.";NA;NA;NA;NA;NA;NA;NA;NA;NA;NA;NA;NA;NA;NA;NA;NA;NA;NA;NA;NA;NA;NA;NA;NA;NA;NA;NA;NA;NA;NA
"130";"Moldova";NA;NA;NA;NA;NA;-34.3348992687937;-35.0386531899448;-28.6346372443107;-25.2945336417268;-18.0387675573088;-11.9541054878595;-7.7333621287624;-13.6154264139166;-9.65695200039564;-16.2774021598105;-21.4467921158754;-23.0141630982438;-41.6865745034086;-51.8068515651251;-53.9019189748105;-55.280075697539;-56.2124468167563;-56.5058430547629;-60.4796089866052;-62.9262411603801;-66.196901504772;-70.3975432938304;-72.7265433717095;-72.7835026884726;-76.4372846729036
"131";"Monaco";NA;NA;NA;NA;NA;-49.1158697526446;NA;-43.8189141407039;-37.9639500463127;-30.4710427654663;-34.0376802418622;-34.6162374695839;-35.7088529622801;-35.6005120693581;-35.527160683233;-35.8457071011112;-35.2521472140727;-38.5911440118301;-38.1106074349207;-30.4138912188639;-32.074165548844;-38.7881978453475;-39.4464393164791;NA;NA;NA;NA;NA;NA;NA
"132";"Mongolia";NA;NA;NA;NA;NA;NA;NA;NA;NA;NA;NA;NA;NA;NA;NA;NA;NA;NA;NA;NA;NA;NA;NA;NA;NA;NA;NA;NA;NA;NA
"133";"Montenegro";-39.3280372330724;NA;NA;NA;NA;-69.5727229370772;NA;NA;NA;NA;NA;NA;-61.3831289579057;NA;NA;NA;-16.6286712052244;-49.4113874503799;-34.9363311164578;-29.5649820523825;-23.9808224865679;-18.7843387612858;-10.4705979476299;NA;NA;NA;NA;NA;NA;NA
"134";"Morocco";NA;NA;NA;NA;NA;NA;NA;NA;NA;NA;-47.4732626333451;NA;NA;NA;NA;NA;NA;NA;NA;NA;NA;NA;NA;NA;-9.12388745587224;-7.29761261938646;NA;NA;NA;NA
"135";"Mozambique";NA;NA;NA;NA;NA;NA;NA;NA;NA;NA;NA;NA;NA;NA;NA;NA;NA;NA;NA;NA;NA;NA;NA;NA;NA;NA;NA;NA;NA;NA
"136";"Myanmar";NA;NA;NA;NA;NA;NA;NA;NA;NA;NA;NA;NA;NA;NA;NA;NA;NA;NA;NA;NA;NA;NA;NA;NA;NA;NA;NA;NA;NA;NA
"137";"Namibia";NA;NA;NA;NA;NA;NA;NA;NA;NA;NA;NA;NA;NA;NA;NA;NA;NA;NA;NA;NA;NA;NA;NA;NA;NA;NA;NA;NA;NA;NA
"138";"Nauru";NA;NA;NA;NA;NA;NA;NA;NA;NA;NA;NA;NA;NA;NA;NA;NA;NA;NA;NA;NA;NA;NA;NA;NA;NA;NA;NA;NA;NA;NA
"139";"Nepal";NA;NA;NA;NA;NA;NA;NA;NA;NA;NA;NA;72.4221717798874;77.8915925163887;NA;NA;NA;NA;NA;NA;NA;NA;NA;NA;NA;NA;NA;NA;59.4622527137073;69.3765843829386;67.7014146540148
"140";"Netherlands";7.15896376323238;9.19155231573771;NA;-2.07739583847236;-2.90674509216845;1.39767155932466;0.642609700318997;-4.63344147236459;-4.88501644270134;-6.1410119768768;-8.5219159167519;-7.40972473007192;-7.86667522047135;-4.65004485816766;-6.13752702556205;-6.45084447364454;-5.76546544347725;-7.36305889757545;-6.98279904133279;-5.27897406371484;0.202513035459482;-1.95466789582639;2.13300730099032;6.37918470794954;4.58497684887169;5.73822113264885;10.244563251117;11.7384665290478;12.0023796633472;13.0439987963617
"141";"New Caledonia";NA;NA;NA;NA;NA;NA;NA;NA;NA;NA;NA;NA;NA;NA;NA;NA;NA;NA;NA;NA;NA;NA;NA;NA;NA;NA;NA;NA;NA;NA
"142";"New Zealand";65.2182815770855;NA;NA;NA;NA;46.5075909659447;NA;NA;NA;NA;48.9678800522043;NA;-23.2223512605133;-24.7444538773565;-26.2366205920143;NA;-24.9312113932799;NA;NA;NA;-1.14979105049919;-0.200891107016832;1.4373005668755;-4.16996101167117;-9.55367266390902;-16.6734071840037;-19.4809227325647;-19.5582478269148;-22.8930816151121;NA
"143";"Nicaragua";NA;NA;NA;NA;NA;NA;NA;NA;NA;NA;NA;NA;NA;NA;NA;NA;NA;NA;NA;NA;NA;NA;NA;NA;NA;NA;NA;NA;NA;NA
"144";"Niger";NA;NA;NA;NA;NA;NA;NA;NA;NA;-16.242985709178;-26.1213890310033;-23.5823578986725;-23.1563775281008;-23.5171178506539;-24.2963380168172;-17.6398739670841;NA;NA;NA;NA;NA;NA;NA;NA;NA;NA;NA;NA;NA;NA
"145";"Nigeria";NA;NA;NA;NA;NA;NA;NA;NA;NA;NA;NA;NA;NA;NA;NA;NA;NA;NA;NA;NA;NA;NA;NA;NA;NA;NA;NA;NA;NA;NA
"146";"North Macedonia";NA;NA;NA;NA;NA;NA;NA;NA;NA;NA;NA;NA;NA;NA;NA;NA;NA;NA;3.73290596531896;2.34241005772434;6.49310222339567;4.29966814701326;-1.21560428356949;-3.09227358094511;0.269898838203779;-0.112725693752696;-1.49784577783263;9.99139625883353;-8.9498850482603;NA
"147";"Northern Mariana Islands";NA;NA;NA;NA;NA;NA;NA;NA;NA;NA;NA;NA;NA;NA;NA;NA;NA;NA;NA;NA;NA;NA;NA;NA;NA;NA;NA;NA;NA;NA
"148";"Norway";6.75153029414477;NA;15.6766112393412;19.3507365211345;11.3822545366083;-4.94615747683308;-4.9219815555041;-1.34510592103864;-3.95008893913318;5.59675432817775;0.768648264951219;74.8427819808509;55.9418047387493;55.4426454719313;48.4153746700337;42.2201090336472;33.1917141619846;24.1015648821601;31.1526286035257;35.1451987761589;38.2210097780547;23.0745779320242;27.3956981654755;25.0695929720593;40.9001759069072;45.3950688339689;-15.7643406789708;-15.1757142392284;-14.2019023206835;-17.7033667195737
"149";"Oman";NA;NA;NA;NA;NA;NA;NA;NA;NA;NA;NA;NA;NA;NA;NA;NA;NA;NA;NA;NA;NA;NA;NA;NA;NA;NA;372.48215117108;81.9481721833329;73.6406754501229;60.0892358005
"150";"Pakistan";NA;NA;NA;NA;NA;NA;NA;NA;NA;NA;NA;NA;NA;NA;NA;NA;NA;NA;NA;NA;NA;NA;NA;NA;NA;NA;NA;NA;NA;NA
"151";"Palau";NA;NA;NA;NA;NA;NA;NA;NA;NA;NA;NA;NA;NA;NA;NA;NA;NA;NA;NA;NA;NA;NA;NA;NA;NA;NA;NA;NA;NA;NA
"152";"Panama";NA;NA;NA;NA;NA;NA;NA;NA;NA;NA;NA;NA;NA;NA;NA;NA;NA;NA;NA;NA;NA;NA;NA;NA;NA;NA;NA;NA;NA;NA
"153";"Papua New Guinea";NA;NA;NA;NA;NA;NA;NA;NA;NA;NA;NA;NA;NA;NA;NA;NA;NA;NA;NA;NA;NA;NA;NA;NA;NA;NA;NA;NA;NA;NA
"154";"Paraguay";NA;NA;NA;NA;NA;NA;NA;NA;NA;NA;NA;NA;NA;NA;NA;NA;NA;NA;NA;NA;NA;NA;NA;NA;NA;NA;NA;NA;NA;NA
"155";"Peru";NA;NA;NA;NA;NA;NA;NA;NA;NA;NA;NA;-39.9215108579412;NA;NA;NA;NA;NA;NA;NA;NA;NA;NA;NA;NA;NA;NA;NA;11.4054386558174;2.28996618870364;6.90543698764889
"156";"Philippines";NA;NA;NA;NA;NA;NA;NA;NA;NA;NA;NA;NA;NA;NA;NA;NA;NA;27.6126379064649;8.77785375252374;5.38414782040527;NA;NA;NA;NA;NA;NA;NA;NA;NA;NA
"157";"Poland";57.8298917102025;62.6666709798228;61.5030416860878;63.0011884728079;54.567696274896;54.7458894102508;48.6685373126931;41.8105756092731;42.6255091289484;36.5503920481933;33.9817496148597;48.9494825130674;57.1248334873733;67.4629208424226;69.1198618085461;34.0969141595182;36.0168798015629;33.9910248588758;33.9717710550855;35.0962965420551;37.4200746709536;35.9294843893065;35.265350222681;43.2158982182555;55.4734761363972;48.7567810303142;38.4371165468415;34.0205935748629;27.7882315627127;25.5853882175416
"158";"Portugal";NA;NA;20.5461232249215;11.1275215608314;5.26169101128486;4.87883498790109;10.1286084722124;5.1887345889933;3.44965213466137;1.05029367061738;-0.422539926179874;-2.76041407673477;1.14607998801307;-2.38962051660963;-1.13180599865933;-2.44559240426228;-6.37482100546533;-7.70936002689621;-16.4980892156431;-16.8914674583647;-16.5714881273005;-12.6473561216608;-6.84594216324966;-1.54017669354479;-6.16262973011109;-6.10005563597082;-4.99513445123508;-7.20817039822361;-10.669302855065;-10.8995358419297
"159";"Puerto Rico";NA;NA;NA;NA;NA;NA;NA;NA;NA;NA;NA;NA;NA;NA;NA;NA;NA;NA;NA;NA;NA;NA;NA;NA;NA;NA;NA;NA;NA;NA
"160";"Qatar";NA;NA;NA;NA;NA;NA;NA;NA;NA;NA;NA;NA;NA;NA;NA;NA;NA;NA;-46.1407550455043;-45.8230907750151;-38.232128963274;-32.8787479547722;-24.927420249032;-26.4137177897747;-22.1340625629848;-29.7198352868224;-31.429227997494;-33.7855429965863;NA;NA
"161";"Romania";NA;NA;NA;NA;NA;23.9543313304867;31.1073924092063;29.1973612381321;46.3686547687726;25.0674154645402;11.0665972131515;16.9219002481011;5.29279675724378;16.0209863847868;15.8355268157303;5.15549153388691;2.15023467228874;2.53796359638401;-3.00518424518591;1.46556793992365;24.1181062883893;50.6624028777236;54.6343616961742;48.3914959990793;50.783658904359;52.2183887812985;38.7873865758041;35.8160132964558;34.2716552807109;29.4820761804388
"162";"Russian Federation";0.618875302487796;NA;NA;NA;NA;-13.5993118176054;NA;NA;NA;NA;-11.9721752443008;NA;NA;NA;NA;-25.4686568589339;NA;-32.5193380318267;NA;NA;NA;NA;NA;-47.4765125083013;NA;NA;NA;NA;NA;NA
"163";"Rwanda";NA;NA;NA;NA;NA;NA;NA;NA;NA;NA;NA;NA;NA;NA;NA;NA;NA;NA;NA;NA;NA;NA;NA;NA;NA;NA;NA;NA;NA;NA
"164";"Samoa";NA;NA;NA;NA;NA;NA;NA;NA;NA;NA;NA;NA;NA;NA;NA;NA;NA;NA;NA;NA;NA;NA;NA;65.4615062539321;-2.98633154799434;69.6148222451923;-38.1592386397553;-44.8486057158621;NA;NA
"165";"San Marino";NA;NA;NA;NA;NA;NA;NA;NA;NA;NA;NA;NA;NA;NA;NA;NA;NA;NA;NA;NA;NA;NA;NA;NA;NA;NA;NA;NA;NA;NA
"166";"Sao Tome and Principe";NA;NA;NA;NA;NA;NA;NA;NA;NA;NA;NA;NA;NA;NA;NA;NA;NA;NA;NA;NA;NA;NA;NA;NA;NA;NA;NA;NA;NA;NA
"167";"Saudi Arabia";NA;NA;NA;NA;NA;NA;NA;NA;NA;NA;NA;NA;NA;NA;NA;NA;NA;NA;NA;NA;NA;NA;NA;NA;NA;NA;NA;NA;NA;NA
"168";"Senegal";NA;NA;NA;NA;NA;-24.8851035694619;NA;NA;NA;NA;-24.9588058799823;NA;NA;NA;NA;-23.9240015192088;NA;NA;NA;NA;NA;NA;NA;NA;NA;NA;NA;NA;NA;NA
"169";"Serbia";NA;NA;NA;NA;NA;NA;NA;NA;NA;13.2507259477758;NA;NA;NA;NA;NA;-7.21639396183135;161.41065492097;118.114336230845;76.0214210271614;68.7441280042328;40.6499113512804;26.9934858621533;43.7308181071002;34.0535686962346;51.4238667354541;89.8737516268503;NA;NA;NA;NA
"170";"Seychelles";NA;NA;NA;NA;NA;NA;NA;NA;NA;NA;NA;NA;NA;NA;NA;NA;NA;NA;NA;NA;NA;NA;NA;NA;NA;NA;NA;NA;NA;NA
"171";"Sierra Leone";NA;NA;NA;NA;NA;NA;NA;NA;NA;NA;NA;NA;NA;NA;NA;NA;NA;NA;NA;NA;NA;NA;NA;NA;NA;NA;NA;NA;NA;NA
"172";"Singapore";NA;NA;NA;NA;NA;NA;NA;NA;NA;NA;-44.5255353395938;-45.5474614229336;-42.6910689715156;-38.5253494445103;-35.2901536719475;-43.9734720984265;-44.3551736170507;-47.7323612117458;-47.203054550736;-49.098095810183;-50.2327426766237;-52.0326041476473;-53.6634253261904;-56.5508432107614;-53.4084098050848;-53.6306687680852;-53.8677470377502;-53.1608187124215;-52.8759103504353;-49.2822244049031
"173";"Sint Maarten (Dutch part)";NA;NA;NA;NA;NA;NA;NA;NA;NA;NA;NA;NA;NA;NA;NA;NA;NA;NA;NA;NA;NA;NA;NA;NA;NA;NA;NA;NA;NA;NA
"174";"Slovak Republic";NA;NA;69.7662578883143;70.0174470221038;70.3804090675759;67.2835620514667;83.6270572029805;85.0534772282122;94.2187482363329;93.9035808541349;60.8538165071136;117.997322493265;92.632637202813;81.2211064339456;93.8421485126012;85.6115285453226;78.774034757536;69.6603363359212;59.1049911682524;58.4094071350438;55.422131315952;57.0143076357596;57.5815818056953;59.0433539438049;49.2673483264656;46.0552000736989;39.0303034783002;27.2379887561194;NA;NA
"175";"Slovenia";NA;NA;NA;NA;NA;-15.4632904539649;-13.6082923027958;-13.1943592798178;-13.0357173323782;-7.35637291181508;-0.766890973771208;7.6520924327881;27.0558065670799;24.3888242294277;8.28195497971376;7.29310231602908;2.41056850496904;0.616814716115448;-0.983536815538359;0.152053567691755;7.86733929353644;27.3780055929247;44.7193268920613;26.5171960517822;18.6162467709321;14.4673547403503;18.0430250041154;14.3158971428705;10.4965220257499;NA
"176";"Solomon Islands";NA;NA;NA;NA;NA;NA;NA;NA;NA;NA;NA;NA;NA;NA;NA;NA;NA;NA;NA;NA;NA;NA;NA;NA;NA;NA;NA;NA;NA;NA
"177";"Somalia";NA;NA;NA;NA;NA;NA;NA;NA;NA;NA;NA;NA;NA;NA;NA;NA;NA;NA;NA;NA;NA;NA;NA;NA;NA;NA;NA;NA;NA;NA
"178";"South Africa";NA;NA;NA;NA;NA;NA;NA;NA;NA;NA;NA;NA;NA;NA;NA;NA;NA;-62.4007072749161;NA;NA;NA;NA;NA;NA;NA;NA;NA;NA;NA;NA
"179";"South Sudan";NA;NA;NA;NA;NA;NA;NA;NA;NA;NA;NA;NA;NA;NA;NA;NA;NA;NA;NA;NA;NA;NA;NA;NA;NA;NA;NA;NA;NA;NA
"180";"Spain";NA;NA;NA;NA;NA;-6.87696255897188;-16.3893407930421;-18.1529641200201;-17.569455705662;-22.8675818978264;-23.5882808030906;-27.0930032735811;-25.472476609876;-26.9467976508441;-21.169365841318;-20.9513558307239;-20.4149272076248;-19.0388838920639;-17.0184783949845;-17.9626840730946;-12.8383723562401;-8.80523770502521;-5.38249035883721;-4.34473113254194;-3.34948060456481;-3.41564067021458;-0.591440710204069;-2.55702065011299;-2.61296100031525;-1.49606759611694
"181";"Sri Lanka";NA;NA;NA;NA;NA;NA;NA;NA;NA;NA;NA;NA;NA;NA;-45.7974137522835;NA;NA;NA;NA;NA;NA;NA;NA;NA;NA;NA;-48.4230325744301;NA;NA;NA
"182";"St. Kitts and Nevis";NA;NA;NA;NA;NA;NA;NA;NA;NA;NA;NA;NA;NA;NA;NA;NA;NA;NA;NA;NA;NA;NA;NA;NA;NA;NA;NA;NA;NA;NA
"183";"St. Lucia";NA;NA;NA;NA;NA;NA;NA;NA;NA;NA;NA;NA;NA;NA;-31.8641577665999;-30.5800770855351;-30.3608785364698;-33.9438512087704;-29.7938318732455;-30.996638582824;-27.2239285209816;-16.5672285949441;-15.7870097433842;-17.2949169481342;-12.4689394983763;-14.6943413369836;-21.6725013500966;-10.9801925354146;-4.73179948730197;-10.7029564072194
"184";"St. Martin (French part)";NA;NA;NA;NA;NA;NA;NA;NA;NA;NA;NA;NA;NA;NA;NA;NA;NA;NA;NA;NA;NA;NA;NA;NA;NA;NA;NA;NA;NA;NA
"185";"St. Vincent and the Grenadines";NA;NA;NA;NA;NA;NA;NA;NA;NA;NA;NA;NA;-33.769165513277;NA;NA;NA;NA;NA;NA;NA;NA;NA;NA;NA;NA;NA;NA;NA;NA;NA
"186";"Sudan";NA;NA;NA;NA;NA;NA;NA;NA;NA;NA;NA;NA;91.6501311803284;55.449576105818;44.1290083030731;37.2612921154433;-0.425216908023435;9.41806001227038;4.66778998650022;-23.5304903463274;NA;NA;NA;NA;NA;NA;NA;NA;NA;NA
"187";"Suriname";NA;NA;NA;NA;NA;NA;NA;NA;NA;NA;NA;NA;NA;NA;NA;NA;NA;NA;NA;NA;NA;NA;NA;NA;NA;NA;NA;NA;NA;NA
"188";"Sweden";NA;NA;NA;NA;56.0657059808938;61.1550063390261;59.7095389958211;49.5524452404942;44.1108115109903;45.7301866028802;42.6380922266144;42.3973218827206;34.8933684633042;32.6422009370162;34.6549606745127;29.0868627614064;23.9682886990699;23.9039774492496;23.6504088134989;24.1682736843668;36.9588463810488;31.3033424843289;31.0579448260053;29.6106160394034;34.9879886703579;33.001630761948;34.7399408850532;33.7245118335059;40.3958893000682;36.3554041984055
"189";"Switzerland";-11.7978694641228;-12.055479309033;-10.592449462206;-11.5478978772368;-11.2291512042369;-12.7180512488802;-13.1253807284038;-12.6229586126363;-13.7705050934873;-16.9779971124181;-19.8872285047165;-19.2288976792388;-21.5323405599687;-20.7512650598871;-19.9869367710421;-20.1480745595088;-24.9250148539604;-27.4175157440908;-28.381677940552;-24.9999122419531;-26.6238882490277;-25.7352787626093;-26.2836329363374;-27.426279132798;-31.0017214410429;-31.2698881160761;-28.6913953865776;-27.4492956145143;-27.2773912505389;-27.6836634195089
"190";"Syrian Arab Republic";NA;NA;NA;NA;NA;NA;NA;NA;NA;NA;NA;NA;NA;NA;NA;NA;NA;NA;NA;NA;NA;NA;NA;NA;NA;NA;NA;NA;NA;NA
"191";"Tajikistan";NA;NA;NA;NA;NA;NA;NA;NA;NA;NA;NA;NA;NA;NA;NA;NA;NA;NA;NA;NA;NA;NA;NA;NA;NA;NA;NA;NA;NA;NA
"192";"Tanzania";NA;NA;NA;NA;NA;NA;NA;NA;NA;NA;NA;NA;NA;NA;NA;NA;NA;NA;NA;NA;NA;NA;NA;NA;NA;NA;NA;NA;NA;NA
"193";"Thailand";NA;NA;NA;NA;NA;NA;NA;NA;NA;NA;NA;NA;NA;NA;NA;NA;NA;NA;NA;NA;NA;NA;NA;NA;3.27002427913642;0.714841055035845;0.209185852430786;-3.0365868314253;-5.07737852486916;-8.62481775171358
"194";"Timor-Leste";NA;NA;NA;NA;NA;NA;NA;NA;NA;NA;NA;NA;NA;NA;NA;NA;NA;NA;NA;NA;NA;NA;NA;NA;NA;NA;NA;NA;NA;NA
"195";"Togo";NA;NA;NA;NA;NA;NA;NA;NA;NA;NA;NA;NA;NA;NA;NA;NA;NA;NA;NA;NA;-7.48419959062218;10.8057966830043;10.0334335068727;NA;NA;NA;NA;NA;NA;NA
"196";"Tonga";NA;NA;NA;NA;NA;NA;NA;NA;NA;NA;NA;NA;NA;NA;NA;NA;NA;NA;NA;NA;NA;NA;NA;NA;NA;NA;NA;NA;NA;NA
"197";"Trinidad and Tobago";149.090210845009;NA;NA;NA;NA;147.146772254895;153.348784860104;121.740323025476;117.021850404875;122.59081943194;34.2531095072217;117.949964425098;102.663994838331;NA;NA;NA;NA;NA;NA;NA;NA;NA;NA;NA;NA;NA;NA;NA;NA;NA
"198";"Tunisia";NA;NA;NA;NA;NA;NA;NA;NA;NA;NA;42.0662173776843;41.1900157781885;40.8847817989757;42.109149334922;NA;NA;NA;NA;NA;NA;NA;NA;NA;NA;NA;NA;NA;NA;NA;NA
"199";"Turkiye";NA;-40.7175904501898;NA;NA;-38.5747752778364;-43.5037117467299;-49.156156020344;-52.2645276186691;NA;-48.9929987026367;-44.6711959427829;-47.2107900503887;-46.4422537140033;-46.3694866303322;-43.7278404200504;-42.8984988680902;-42.5670745979668;-42.1125163062904;-37.5641925366715;-40.3770286482331;-37.5572734517266;-39.0025168319844;-37.9029322878539;-36.8475159602871;-35.8703195486185;-34.0227181215734;-37.7888327265468;-37.9392506465699;-37.5880135528088;-37.6030479983233
"200";"Turkmenistan";NA;NA;NA;NA;NA;NA;NA;NA;NA;NA;NA;NA;NA;NA;NA;NA;NA;NA;NA;NA;NA;NA;NA;NA;NA;NA;NA;NA;NA;NA
"201";"Turks and Caicos Islands";NA;NA;NA;NA;NA;NA;NA;NA;NA;NA;NA;NA;NA;NA;NA;NA;NA;NA;NA;NA;NA;NA;NA;NA;NA;NA;NA;NA;NA;NA
"202";"Tuvalu";NA;NA;NA;NA;NA;NA;NA;NA;NA;NA;NA;NA;NA;NA;NA;NA;NA;NA;NA;NA;NA;NA;NA;NA;NA;NA;NA;NA;NA;NA
"203";"Uganda";NA;NA;NA;NA;NA;NA;NA;NA;NA;NA;NA;NA;NA;NA;NA;NA;72.4569237260017;NA;NA;NA;NA;NA;NA;NA;NA;NA;172.775240482271;197.50988118974;NA;NA
"204";"Ukraine";NA;NA;NA;NA;NA;874.408715374732;NA;NA;NA;786.462250527196;356.690065672245;182.700080456324;117.272942546418;120.229425182413;88.8035809142288;72.9083350284261;70.0852341560861;-47.2174104672608;-44.1159760780428;-40.6237372668228;-35.7498781999188;-39.1207673107626;-54.7563243236306;-56.2569976068329;-40.7124612643077;-45.7424837655121;-45.5760695209572;-42.4079526929606;-45.1721593477886;-44.8394076709584
"205";"United Arab Emirates";NA;NA;NA;NA;NA;NA;NA;NA;NA;NA;NA;NA;NA;NA;NA;NA;NA;NA;NA;NA;NA;8.02343838976289;11.4228077682814;-1.04946898861727;12.6556134871276;-3.63647861068912;12.1542971022985;9.65749674388641;7.0376940827852;4.49997224525911
"206";"United Kingdom";1.92154094716342;NA;NA;NA;NA;-3.30494095033056;-4.80738415893812;-9.87204704840678;-11.4443526102718;-15.6753855514716;-16.7237652513551;-18.4231621478823;-20.2370229197987;-19.2579756696138;-21.2062740461172;-19.6568807730286;-19.5380458709541;-18.8870115265021;-15.2511711747587;-13.2663628481752;-10.2775116963396;-9.34945865436352;-6.19175473043161;-10.2956248150875;-9.22637653232019;-9.38973696141349;-6.635046497892;-3.69553226224732;-2.91326447684201;-2.21341044756193
"207";"United States";-30.8266542196623;-28.9972586006084;-30.3385498308567;-30.3777081415855;-30.4787846821893;-28.1834747414797;-26.9454021377725;-28.6403423426458;-29.1890962531236;-30.3512081213314;-31.7122360314444;-30.9752679539354;-31.4629167015934;-31.3621507941982;-32.5919933675796;-31.8898008198131;-32.6106069208156;-31.6687010961094;-30.7356229754617;-29.1556371071673;-30.1085439665942;-30.1830843542252;-30.1750116738684;-29.6229371796968;-30.6373854382725;-31.5923423364924;-31.6288519839443;-31.4178984762706;-36.8847725702347;NA
"208";"Uruguay";8.82925810706186;NA;NA;NA;NA;12.4823899120012;NA;NA;NA;NA;23.3604401395311;NA;NA;NA;NA;NA;NA;NA;NA;NA;NA;NA;NA;NA;NA;NA;NA;NA;NA;NA
"209";"Uzbekistan";NA;NA;NA;NA;NA;NA;NA;NA;NA;NA;NA;NA;NA;NA;NA;NA;NA;NA;NA;NA;NA;NA;NA;NA;NA;NA;NA;NA;NA;NA
"210";"Vanuatu";NA;NA;NA;NA;NA;NA;NA;NA;NA;NA;NA;NA;NA;NA;NA;NA;NA;NA;NA;NA;NA;NA;NA;NA;NA;NA;NA;NA;NA;NA
"211";"Venezuela, RB";NA;NA;NA;NA;NA;NA;NA;NA;NA;NA;NA;NA;NA;NA;NA;NA;299.600952809251;259.337243716179;325.370713853416;227.112281182179;232.24341280982;242.078795797688;233.230398369189;327.841994437701;299.97976776857;281.785223075155;327.202268437452;NA;NA;NA
"212";"Vietnam";NA;NA;NA;NA;NA;NA;NA;NA;NA;NA;NA;NA;NA;NA;NA;NA;NA;NA;NA;NA;NA;NA;NA;NA;NA;NA;NA;NA;NA;NA
"213";"Virgin Islands (U.S.)";NA;NA;NA;NA;NA;NA;NA;NA;NA;NA;NA;NA;NA;NA;NA;NA;NA;NA;NA;NA;NA;NA;NA;NA;NA;NA;NA;NA;NA;NA
"214";"West Bank and Gaza";NA;NA;NA;NA;NA;NA;NA;NA;NA;NA;NA;-15.9578764844708;-17.7375774423284;-18.1039150278746;-17.8287422921116;-18.6384295749661;-20.5728524791824;-22.1966539149642;-19.1369151823553;-18.6971189602589;-18.4104501037155;-18.1537602424321;-18.4920462936884;-17.6643094626592;-17.6066490070517;-16.7516583255351;-16.1486055160046;-8.34237957278047;-14.7774250685342;-7.94258964341682
"215";"Yemen, Rep.";NA;NA;NA;NA;NA;NA;NA;NA;NA;NA;NA;NA;NA;NA;NA;NA;NA;NA;NA;NA;NA;NA;NA;NA;NA;NA;NA;NA;NA;NA
"216";"Zambia";NA;NA;NA;NA;NA;NA;NA;NA;NA;NA;-48.8860886000065;NA;NA;NA;NA;-33.9031212249706;NA;NA;NA;NA;NA;NA;NA;NA;NA;NA;NA;NA;NA;NA
"217";"Zimbabwe";NA;NA;NA;NA;NA;NA;NA;NA;NA;NA;NA;NA;NA;NA;NA;NA;NA;NA;NA;NA;NA;NA;NA;NA;NA;NA;NA;NA;NA;NA
